	날짜	시가	종가	고가	저가	거래량
0	2018.05.28	2370.0	2450.0	2450.0	2370.0	40127.0
1	2018.05.25	2360.0	2410.0	2430.0	2360.0	20560.0
2	2018.05.24	2465.0	2440.0	2465.0	2405.0	14780.0
3	2018.05.23	2440.0	2430.0	2455.0	2400.0	32684.0
4	2018.05.21	2455.0	2440.0	2455.0	2425.0	5921.0
5	2018.05.18	2430.0	2445.0	2485.0	2410.0	11693.0
6	2018.05.17	2445.0	2430.0	2510.0	2420.0	11692.0
7	2018.05.16	2440.0	2445.0	2495.0	2435.0	20949.0
8	2018.05.15	2550.0	2525.0	2555.0	2490.0	18666.0
9	2018.05.14	2520.0	2535.0	2540.0	2490.0	22640.0
10	2018.05.11	2515.0	2520.0	2520.0	2460.0	22406.0
11	2018.05.10	2460.0	2515.0	2530.0	2380.0	50929.0
12	2018.05.09	2395.0	2400.0	2420.0	2360.0	29257.0
13	2018.05.08	2495.0	2395.0	2510.0	2390.0	30906.0
14	2018.05.04	2425.0	2495.0	2495.0	2410.0	23332.0
15	2018.05.03	2430.0	2450.0	2465.0	2420.0	27223.0
16	2018.05.02	2425.0	2420.0	2440.0	2350.0	28084.0
17	2018.04.30	2425.0	2425.0	2430.0	2380.0	13050.0
18	2018.04.27	2405.0	2410.0	2430.0	2380.0	23457.0
19	2018.04.26	2385.0	2405.0	2410.0	2350.0	11781.0
20	2018.04.25	2360.0	2385.0	2390.0	2340.0	21077.0
21	2018.04.24	2335.0	2360.0	2400.0	2320.0	32874.0
22	2018.04.23	2360.0	2340.0	2385.0	2330.0	62184.0
23	2018.04.20	2360.0	2400.0	2445.0	2330.0	42458.0
24	2018.04.19	2330.0	2330.0	2345.0	2260.0	25278.0
25	2018.04.18	2300.0	2330.0	2340.0	2250.0	35388.0
26	2018.04.17	2315.0	2300.0	2330.0	2275.0	12928.0
27	2018.04.16	2270.0	2315.0	2325.0	2270.0	9529.0
28	2018.04.13	2255.0	2300.0	2320.0	2255.0	9655.0
29	2018.04.12	2245.0	2255.0	2290.0	2225.0	12134.0
30	2018.04.11	2215.0	2250.0	2285.0	2215.0	16857.0
31	2018.04.10	2260.0	2210.0	2260.0	2185.0	35478.0
32	2018.04.09	2300.0	2245.0	2350.0	2230.0	56630.0
33	2018.04.06	2350.0	2330.0	2360.0	2300.0	21815.0
34	2018.04.05	2360.0	2350.0	2450.0	2350.0	23866.0
35	2018.04.04	2430.0	2360.0	2455.0	2355.0	66994.0
36	2018.04.03	2450.0	2430.0	2485.0	2410.0	7335.0
37	2018.04.02	2485.0	2460.0	2485.0	2435.0	10916.0
38	2018.03.30	2420.0	2485.0	2495.0	2410.0	11812.0
39	2018.03.29	2420.0	2420.0	2475.0	2410.0	18962.0
40	2018.03.28	2520.0	2415.0	2520.0	2410.0	19708.0
41	2018.03.27	2525.0	2495.0	2525.0	2470.0	8517.0
42	2018.03.26	2430.0	2520.0	2525.0	2405.0	20674.0
43	2018.03.23	2450.0	2485.0	2530.0	2405.0	34989.0
44	2018.03.22	2510.0	2505.0	2520.0	2485.0	16836.0
45	2018.03.21	2545.0	2510.0	2545.0	2495.0	27483.0
46	2018.03.20	2555.0	2545.0	2585.0	2515.0	19450.0
47	2018.03.19	2625.0	2535.0	2650.0	2530.0	55131.0
48	2018.03.16	2670.0	2620.0	2695.0	2615.0	83513.0
49	2018.03.15	2750.0	2720.0	2760.0	2690.0	39221.0
50	2018.03.14	2800.0	2730.0	2820.0	2725.0	56137.0
51	2018.03.13	2815.0	2800.0	2815.0	2725.0	46886.0
52	2018.03.12	2970.0	2820.0	2990.0	2720.0	281558.0
53	2018.03.09	2655.0	2835.0	2835.0	2610.0	197403.0
54	2018.03.08	2575.0	2630.0	2660.0	2575.0	37451.0
55	2018.03.07	2615.0	2575.0	2650.0	2500.0	93392.0
56	2018.03.06	2575.0	2620.0	2920.0	2530.0	411614.0
57	2018.03.05	2565.0	2575.0	2600.0	2535.0	19795.0
58	2018.03.02	2610.0	2565.0	2615.0	2450.0	28327.0
59	2018.02.28	2650.0	2620.0	2675.0	2580.0	13202.0
60	2018.02.27	2655.0	2635.0	2735.0	2605.0	16528.0
61	2018.02.26	2710.0	2655.0	2710.0	2620.0	25487.0
62	2018.02.23	2710.0	2670.0	2770.0	2650.0	59779.0
63	2018.02.22	2670.0	2705.0	2750.0	2635.0	105373.0
64	2018.02.21	2650.0	2680.0	2700.0	2645.0	79458.0
65	2018.02.20	2550.0	2635.0	2640.0	2540.0	82655.0
66	2018.02.19	2490.0	2530.0	2580.0	2475.0	50148.0
67	2018.02.14	2460.0	2465.0	2490.0	2400.0	15062.0
68	2018.02.13	2505.0	2460.0	2600.0	2410.0	54318.0
69	2018.02.12	2425.0	2445.0	2530.0	2370.0	53401.0
70	2018.02.09	2410.0	2440.0	2445.0	2405.0	49165.0
71	2018.02.08	2505.0	2495.0	2510.0	2430.0	71875.0
72	2018.02.07	2545.0	2505.0	2650.0	2505.0	120619.0
73	2018.02.06	2545.0	2545.0	2580.0	2380.0	112851.0
74	2018.02.05	2800.0	2605.0	2800.0	2570.0	304438.0
75	2018.02.02	2780.0	2800.0	3440.0	2745.0	3034138.0
76	2018.02.01	2610.0	2690.0	2725.0	2575.0	135475.0
77	2018.01.31	2520.0	2580.0	2620.0	2455.0	40255.0
78	2018.01.30	2555.0	2525.0	2570.0	2465.0	64540.0
79	2018.01.29	2505.0	2565.0	2725.0	2475.0	294298.0
80	2018.01.26	2350.0	2470.0	2540.0	2345.0	88572.0
81	2018.01.25	2330.0	2345.0	2345.0	2280.0	8158.0
82	2018.01.24	2280.0	2320.0	2350.0	2275.0	9716.0
83	2018.01.23	2305.0	2275.0	2310.0	2275.0	9388.0
84	2018.01.22	2300.0	2305.0	2310.0	2285.0	8430.0
85	2018.01.19	2280.0	2300.0	2300.0	2255.0	5942.0
86	2018.01.18	2235.0	2280.0	2290.0	2220.0	16437.0
87	2018.01.17	2240.0	2235.0	2245.0	2220.0	3187.0
88	2018.01.16	2235.0	2240.0	2245.0	2220.0	7558.0
89	2018.01.15	2230.0	2235.0	2280.0	2215.0	6964.0
90	2018.01.12	2235.0	2230.0	2265.0	2215.0	5140.0
91	2018.01.11	2240.0	2235.0	2255.0	2210.0	19815.0
92	2018.01.10	2240.0	2240.0	2275.0	2235.0	5817.0
93	2018.01.09	2330.0	2230.0	2330.0	2230.0	20421.0
94	2018.01.08	2355.0	2340.0	2360.0	2280.0	18640.0
95	2018.01.05	2345.0	2355.0	2355.0	2300.0	9170.0
96	2018.01.04	2340.0	2335.0	2350.0	2290.0	3950.0
97	2018.01.03	2300.0	2320.0	2325.0	2275.0	8214.0
98	2018.01.02	2285.0	2305.0	2320.0	2255.0	7189.0
99	2017.12.28	2270.0	2285.0	2285.0	2200.0	11842.0
100	2017.12.27	2290.0	2270.0	2295.0	2250.0	1322.0
101	2017.12.26	2270.0	2290.0	2315.0	2255.0	16650.0
102	2017.12.22	2290.0	2320.0	2325.0	2210.0	7459.0
103	2017.12.21	2300.0	2290.0	2320.0	2270.0	2949.0
104	2017.12.20	2265.0	2300.0	2350.0	2265.0	11649.0
105	2017.12.19	2365.0	2330.0	2365.0	2265.0	10291.0
106	2017.12.18	2395.0	2365.0	2395.0	2355.0	3441.0
107	2017.12.15	2390.0	2395.0	2405.0	2235.0	17527.0
108	2017.12.14	2445.0	2395.0	2445.0	2380.0	11267.0
109	2017.12.13	2460.0	2445.0	2465.0	2400.0	6922.0
110	2017.12.12	2470.0	2460.0	2470.0	2405.0	5048.0
111	2017.12.11	2445.0	2470.0	2470.0	2390.0	1269.0
112	2017.12.08	2445.0	2445.0	2455.0	2375.0	5510.0
113	2017.12.07	2465.0	2445.0	2470.0	2390.0	10853.0
114	2017.12.06	2485.0	2465.0	2490.0	2420.0	10853.0
115	2017.12.05	2460.0	2475.0	2475.0	2430.0	7160.0
116	2017.12.04	2465.0	2460.0	2475.0	2455.0	3649.0
117	2017.12.01	2470.0	2465.0	2480.0	2450.0	9337.0
118	2017.11.30	2470.0	2465.0	2480.0	2450.0	1365.0
119	2017.11.29	2475.0	2470.0	2485.0	2430.0	5349.0
120	2017.11.28	2475.0	2475.0	2490.0	2440.0	3610.0
121	2017.11.27	2485.0	2475.0	2500.0	2460.0	11545.0
122	2017.11.24	2480.0	2485.0	2500.0	2465.0	7012.0
123	2017.11.23	2510.0	2500.0	2510.0	2460.0	11232.0
124	2017.11.22	2480.0	2500.0	2500.0	2470.0	3160.0
125	2017.11.21	2510.0	2480.0	2510.0	2460.0	10981.0
126	2017.11.20	2500.0	2510.0	2525.0	2480.0	10559.0
127	2017.11.17	2480.0	2500.0	2510.0	2455.0	5360.0
128	2017.11.16	2500.0	2505.0	2520.0	2455.0	7871.0
129	2017.11.15	2540.0	2520.0	2540.0	2500.0	9032.0
130	2017.11.14	2540.0	2540.0	2555.0	2500.0	8692.0
131	2017.11.13	2500.0	2540.0	2545.0	2495.0	12991.0
132	2017.11.10	2500.0	2540.0	2540.0	2485.0	13259.0
133	2017.11.09	2500.0	2520.0	2525.0	2485.0	5212.0
134	2017.11.08	2490.0	2515.0	2525.0	2480.0	6860.0
135	2017.11.07	2495.0	2505.0	2505.0	2485.0	3266.0
136	2017.11.06	2485.0	2495.0	2540.0	2485.0	2893.0
137	2017.11.03	2505.0	2500.0	2545.0	2500.0	5469.0
138	2017.11.02	2500.0	2520.0	2550.0	2500.0	3690.0
139	2017.11.01	2500.0	2535.0	2540.0	2500.0	4841.0
140	2017.10.31	2500.0	2530.0	2545.0	2500.0	8042.0
141	2017.10.30	2480.0	2515.0	2525.0	2480.0	5725.0
142	2017.10.27	2470.0	2480.0	2480.0	2450.0	2731.0
143	2017.10.26	2500.0	2470.0	2500.0	2430.0	10393.0
144	2017.10.25	2485.0	2500.0	2500.0	2400.0	13189.0
145	2017.10.24	2500.0	2485.0	2525.0	2420.0	5179.0
146	2017.10.23	2485.0	2500.0	2530.0	2475.0	5327.0
147	2017.10.20	2540.0	2530.0	2540.0	2495.0	14815.0
148	2017.10.19	2505.0	2545.0	2555.0	2460.0	22825.0
149	2017.10.18	2390.0	2505.0	2540.0	2390.0	35007.0
150	2017.10.17	2290.0	2390.0	2580.0	2290.0	75690.0
151	2017.10.16	2320.0	2315.0	2320.0	2285.0	5581.0
152	2017.10.13	2320.0	2295.0	2330.0	2275.0	9805.0
153	2017.10.12	2280.0	2305.0	2325.0	2255.0	12187.0
154	2017.10.11	2260.0	2265.0	2280.0	2230.0	12756.0
155	2017.10.10	2255.0	2260.0	2270.0	2240.0	6726.0
156	2017.09.29	2200.0	2250.0	2250.0	2195.0	18088.0
157	2017.09.28	2255.0	2240.0	2270.0	2210.0	7122.0
158	2017.09.27	2240.0	2255.0	2315.0	2205.0	6472.0
159	2017.09.26	2155.0	2240.0	2240.0	2110.0	24998.0
160	2017.09.25	2310.0	2160.0	2310.0	2110.0	52457.0
161	2017.09.22	2425.0	2310.0	2425.0	2300.0	40912.0
162	2017.09.21	2445.0	2425.0	2470.0	2395.0	13367.0
163	2017.09.20	2460.0	2470.0	2500.0	2450.0	21660.0
164	2017.09.19	2465.0	2495.0	2515.0	2465.0	10590.0
165	2017.09.18	2555.0	2500.0	2575.0	2455.0	17268.0
166	2017.09.15	2555.0	2555.0	2575.0	2525.0	4363.0
167	2017.09.14	2590.0	2555.0	2595.0	2555.0	5530.0
168	2017.09.13	2585.0	2585.0	2590.0	2555.0	4832.0
169	2017.09.12	2580.0	2585.0	2590.0	2555.0	8707.0
170	2017.09.11	2595.0	2580.0	2600.0	2520.0	12729.0
171	2017.09.08	2570.0	2580.0	2580.0	2535.0	14056.0
172	2017.09.07	2560.0	2570.0	2580.0	2550.0	19182.0
173	2017.09.06	2555.0	2550.0	2560.0	2520.0	14974.0
174	2017.09.05	2555.0	2555.0	2575.0	2545.0	5209.0
175	2017.09.04	2555.0	2555.0	2590.0	2535.0	45704.0
176	2017.09.01	2600.0	2605.0	2670.0	2590.0	5135.0
177	2017.08.31	2625.0	2595.0	2640.0	2595.0	26856.0
178	2017.08.30	2640.0	2620.0	2650.0	2605.0	24596.0
179	2017.08.29	2680.0	2640.0	2680.0	2625.0	50074.0
180	2017.08.28	2680.0	2685.0	2705.0	2675.0	13880.0
181	2017.08.25	2665.0	2680.0	2690.0	2665.0	12313.0
182	2017.08.24	2700.0	2695.0	2705.0	2645.0	16884.0
183	2017.08.23	2730.0	2700.0	2730.0	2690.0	7232.0
184	2017.08.22	2705.0	2710.0	2725.0	2685.0	4852.0
185	2017.08.21	2705.0	2700.0	2725.0	2650.0	18864.0
186	2017.08.18	2700.0	2705.0	2725.0	2690.0	4256.0
187	2017.08.17	2680.0	2725.0	2725.0	2675.0	3295.0
188	2017.08.16	2670.0	2680.0	2720.0	2650.0	11857.0
189	2017.08.14	2690.0	2665.0	2955.0	2635.0	27087.0
190	2017.08.11	2745.0	2690.0	2765.0	2670.0	19620.0
191	2017.08.10	2780.0	2745.0	2795.0	2735.0	12492.0
192	2017.08.09	2820.0	2765.0	2900.0	2765.0	20462.0
193	2017.08.08	2805.0	2830.0	2890.0	2760.0	21244.0
194	2017.08.07	2760.0	2805.0	2810.0	2740.0	10698.0
195	2017.08.04	2870.0	2755.0	2895.0	2715.0	28349.0
196	2017.08.03	2910.0	2860.0	2910.0	2825.0	8103.0
197	2017.08.02	2880.0	2890.0	2925.0	2870.0	6522.0
198	2017.08.01	2865.0	2875.0	2900.0	2850.0	7159.0
199	2017.07.31	2870.0	2865.0	2900.0	2760.0	14464.0
200	2017.07.28	2905.0	2875.0	2920.0	2870.0	5354.0
201	2017.07.27	2945.0	2905.0	2945.0	2900.0	8545.0
202	2017.07.26	2940.0	2935.0	2945.0	2925.0	6515.0
203	2017.07.25	2945.0	2930.0	2955.0	2910.0	9443.0
204	2017.07.24	2930.0	2945.0	2950.0	2930.0	13626.0
205	2017.07.21	2915.0	2920.0	2940.0	2895.0	10700.0
206	2017.07.20	2905.0	2925.0	2925.0	2895.0	7192.0
207	2017.07.19	2860.0	2900.0	2905.0	2860.0	13537.0
208	2017.07.18	2850.0	2860.0	2900.0	2845.0	5707.0
209	2017.07.17	2870.0	2850.0	2900.0	2820.0	23523.0
210	2017.07.14	2905.0	2870.0	2915.0	2870.0	26318.0
211	2017.07.13	2920.0	2905.0	2935.0	2900.0	9813.0
212	2017.07.12	2905.0	2920.0	2920.0	2890.0	18200.0
213	2017.07.11	2900.0	2905.0	2930.0	2875.0	23470.0
214	2017.07.10	2925.0	2900.0	2950.0	2865.0	34152.0
215	2017.07.07	2990.0	2920.0	3000.0	2895.0	88742.0
216	2017.07.06	3025.0	2990.0	3025.0	2980.0	15383.0
217	2017.07.05	3010.0	3015.0	3015.0	2980.0	23592.0
218	2017.07.04	3060.0	2990.0	3065.0	2980.0	40265.0
219	2017.07.03	3070.0	3060.0	3070.0	3040.0	12158.0
220	2017.06.30	3060.0	3070.0	3070.0	3035.0	14421.0
221	2017.06.29	3055.0	3070.0	3080.0	3040.0	7067.0
222	2017.06.28	3040.0	3055.0	3060.0	3030.0	12256.0
223	2017.06.27	3055.0	3045.0	3070.0	3035.0	13448.0
224	2017.06.26	3080.0	3065.0	3090.0	3025.0	24482.0
225	2017.06.23	3040.0	3080.0	3090.0	3040.0	9422.0
226	2017.06.22	3115.0	3060.0	3115.0	3040.0	22623.0
227	2017.06.21	3150.0	3095.0	3150.0	3095.0	18416.0
228	2017.06.20	3150.0	3150.0	3170.0	3120.0	24967.0
229	2017.06.19	3175.0	3160.0	3180.0	3150.0	10956.0
230	2017.06.16	3145.0	3155.0	3165.0	3140.0	9913.0
231	2017.06.15	3145.0	3145.0	3165.0	3140.0	14747.0
232	2017.06.14	3150.0	3140.0	3170.0	3140.0	12649.0
233	2017.06.13	3140.0	3140.0	3170.0	3140.0	27795.0
234	2017.06.12	3165.0	3140.0	3165.0	3135.0	17776.0
235	2017.06.09	3140.0	3165.0	3180.0	3130.0	28631.0
236	2017.06.08	3150.0	3165.0	3170.0	3130.0	18188.0
237	2017.06.07	3185.0	3160.0	3185.0	3160.0	13365.0
238	2017.06.05	3190.0	3185.0	3195.0	3160.0	25622.0
239	2017.06.02	3170.0	3180.0	3180.0	3150.0	32522.0
240	2017.06.01	3135.0	3155.0	3175.0	3120.0	28205.0
241	2017.05.31	3125.0	3145.0	3155.0	3100.0	37552.0
242	2017.05.30	3095.0	3125.0	3130.0	3085.0	29787.0
243	2017.05.29	3075.0	3100.0	3120.0	3065.0	37325.0
244	2017.05.26	3045.0	3060.0	3075.0	3020.0	67819.0
245	2017.05.25	3040.0	3045.0	3050.0	3030.0	35010.0
246	2017.05.24	3050.0	3040.0	3055.0	3040.0	14805.0
247	2017.05.23	3060.0	3050.0	3060.0	3015.0	17282.0
248	2017.05.22	3020.0	3035.0	3060.0	3015.0	14495.0
249	2017.05.19	3020.0	3030.0	3040.0	3010.0	33660.0
250	2017.05.18	3020.0	3020.0	3050.0	2995.0	37618.0
251	2017.05.17	3055.0	3025.0	3055.0	3010.0	64079.0
252	2017.05.16	3110.0	3060.0	3110.0	3055.0	44762.0
253	2017.05.15	3130.0	3115.0	3130.0	3090.0	18758.0
254	2017.05.12	3150.0	3130.0	3155.0	3105.0	19903.0
255	2017.05.11	3100.0	3140.0	3150.0	3090.0	30341.0
256	2017.05.10	3090.0	3095.0	3100.0	3075.0	27061.0
257	2017.05.08	3070.0	3095.0	3110.0	3070.0	11072.0
258	2017.05.04	3070.0	3080.0	3100.0	3070.0	6073.0
259	2017.05.02	3120.0	3070.0	3120.0	3055.0	8305.0
260	2017.04.28	3100.0	3100.0	3110.0	3085.0	10538.0
261	2017.04.27	3090.0	3100.0	3105.0	3070.0	12691.0
262	2017.04.26	3065.0	3090.0	3100.0	3065.0	11611.0
263	2017.04.25	3080.0	3075.0	3120.0	3060.0	21923.0
264	2017.04.24	3105.0	3075.0	3105.0	3060.0	19347.0
265	2017.04.21	3115.0	3105.0	3115.0	3065.0	16034.0
266	2017.04.20	3095.0	3105.0	3125.0	3090.0	24820.0
267	2017.04.19	3075.0	3095.0	3105.0	3060.0	15138.0
268	2017.04.18	3070.0	3070.0	3075.0	3055.0	12672.0
269	2017.04.17	3045.0	3070.0	3070.0	3040.0	13995.0
270	2017.04.14	3070.0	3045.0	3080.0	3020.0	18076.0
271	2017.04.13	3090.0	3070.0	3105.0	3060.0	11831.0
272	2017.04.12	3085.0	3090.0	3100.0	3050.0	18071.0
273	2017.04.11	3130.0	3085.0	3130.0	3045.0	20913.0
274	2017.04.10	3135.0	3110.0	3145.0	3095.0	35890.0
275	2017.04.07	3145.0	3135.0	3145.0	3120.0	15692.0
276	2017.04.06	3135.0	3120.0	3145.0	3100.0	38989.0
277	2017.04.05	3135.0	3145.0	3160.0	3130.0	29022.0
278	2017.04.04	3175.0	3130.0	3175.0	3125.0	53858.0
279	2017.04.03	3145.0	3175.0	3175.0	3135.0	52899.0
280	2017.03.31	3195.0	3160.0	3195.0	3135.0	9376.0
281	2017.03.30	3215.0	3180.0	3215.0	3155.0	26700.0
282	2017.03.29	3230.0	3195.0	3230.0	3165.0	11594.0
283	2017.03.28	3165.0	3170.0	3190.0	3145.0	25016.0
284	2017.03.27	3205.0	3165.0	3205.0	3150.0	23811.0
285	2017.03.24	3200.0	3190.0	3200.0	3155.0	18481.0
286	2017.03.23	3215.0	3200.0	3215.0	3160.0	29620.0
287	2017.03.22	3255.0	3215.0	3265.0	3180.0	41256.0
288	2017.03.21	3255.0	3255.0	3255.0	3210.0	37237.0
289	2017.03.20	3240.0	3235.0	3285.0	3190.0	10025.0
290	2017.03.17	3175.0	3240.0	3240.0	3160.0	46252.0
291	2017.03.16	3190.0	3175.0	3210.0	3165.0	44058.0
292	2017.03.15	3195.0	3200.0	3200.0	3130.0	44130.0
293	2017.03.14	3215.0	3180.0	3215.0	3145.0	31241.0
294	2017.03.13	3105.0	3200.0	3205.0	3105.0	43563.0
295	2017.03.10	3120.0	3140.0	3160.0	3100.0	30629.0
296	2017.03.09	3170.0	3140.0	3170.0	3110.0	30229.0
297	2017.03.08	3135.0	3140.0	3240.0	3130.0	11795.0
298	2017.03.07	3130.0	3135.0	3175.0	3120.0	23868.0
299	2017.03.06	3150.0	3150.0	3155.0	3110.0	13487.0
300	2017.03.03	3225.0	3140.0	3230.0	3100.0	50268.0
301	2017.03.02	3265.0	3225.0	3285.0	3225.0	26413.0
302	2017.02.28	3310.0	3260.0	3310.0	3245.0	32621.0
303	2017.02.27	3255.0	3300.0	3310.0	3255.0	23721.0
304	2017.02.24	3265.0	3255.0	3295.0	3255.0	25516.0
305	2017.02.23	3345.0	3265.0	3345.0	3260.0	58989.0
306	2017.02.22	3330.0	3345.0	3355.0	3310.0	38517.0
307	2017.02.21	3395.0	3330.0	3395.0	3320.0	54766.0
308	2017.02.20	3390.0	3375.0	3390.0	3350.0	34301.0
309	2017.02.17	3385.0	3355.0	3400.0	3345.0	39150.0
310	2017.02.16	3400.0	3350.0	3435.0	3350.0	17437.0
311	2017.02.15	3335.0	3365.0	3375.0	3330.0	31673.0
312	2017.02.14	3370.0	3335.0	3375.0	3310.0	19215.0
313	2017.02.13	3280.0	3370.0	3370.0	3250.0	52717.0
314	2017.02.10	3285.0	3260.0	3300.0	3235.0	48002.0
315	2017.02.09	3260.0	3290.0	3310.0	3250.0	48000.0
316	2017.02.08	3390.0	3320.0	3390.0	3280.0	46868.0
317	2017.02.07	3400.0	3390.0	3410.0	3365.0	23110.0
318	2017.02.06	3360.0	3400.0	3435.0	3300.0	50973.0
319	2017.02.03	3270.0	3390.0	3440.0	3270.0	91368.0
320	2017.02.02	3305.0	3330.0	3360.0	3270.0	82493.0
321	2017.02.01	3315.0	3345.0	3345.0	3295.0	26896.0
322	2017.01.31	3290.0	3300.0	3310.0	3260.0	28592.0
323	2017.01.26	3275.0	3285.0	3305.0	3240.0	24150.0
324	2017.01.25	3320.0	3285.0	3320.0	3230.0	45902.0
325	2017.01.24	3375.0	3320.0	3410.0	3250.0	78771.0
326	2017.01.23	3420.0	3375.0	3485.0	3350.0	58191.0
327	2017.01.20	3520.0	3415.0	3525.0	3380.0	58998.0
328	2017.01.19	3445.0	3520.0	3520.0	3410.0	85080.0
329	2017.01.18	3390.0	3440.0	3440.0	3350.0	52347.0
330	2017.01.17	3415.0	3390.0	3505.0	3365.0	71188.0
331	2017.01.16	3370.0	3395.0	3405.0	3250.0	297108.0
332	2017.01.13	3615.0	3470.0	3615.0	3470.0	113138.0
333	2017.01.12	3695.0	3585.0	3740.0	3570.0	64738.0
334	2017.01.11	3620.0	3680.0	3715.0	3620.0	32468.0
335	2017.01.10	3695.0	3685.0	3710.0	3645.0	39897.0
336	2017.01.09	3785.0	3730.0	3785.0	3665.0	41828.0
337	2017.01.06	3820.0	3785.0	3840.0	3745.0	34371.0
338	2017.01.05	3820.0	3805.0	3820.0	3770.0	35645.0
339	2017.01.04	3685.0	3790.0	3800.0	3655.0	81576.0
340	2017.01.03	3690.0	3660.0	3690.0	3595.0	54777.0
341	2017.01.02	3750.0	3680.0	3755.0	3630.0	44697.0
342	2016.12.29	3775.0	3750.0	3775.0	3685.0	36027.0
343	2016.12.28	3890.0	3775.0	3915.0	3750.0	84796.0
344	2016.12.27	3890.0	3935.0	3985.0	3890.0	85417.0
345	2016.12.26	3750.0	3865.0	3890.0	3745.0	47401.0
346	2016.12.23	3765.0	3750.0	3785.0	3735.0	28780.0
347	2016.12.22	3850.0	3745.0	3850.0	3745.0	62198.0
348	2016.12.21	3970.0	3850.0	3970.0	3810.0	30262.0
349	2016.12.20	3985.0	3905.0	3985.0	3880.0	9551.0
350	2016.12.19	3925.0	3905.0	3950.0	3860.0	7987.0
351	2016.12.16	3905.0	3925.0	3930.0	3840.0	21402.0
352	2016.12.15	3845.0	3890.0	3890.0	3760.0	18666.0
353	2016.12.14	3870.0	3835.0	3890.0	3820.0	18182.0
354	2016.12.13	3900.0	3885.0	3900.0	3735.0	83992.0
355	2016.12.12	3900.0	3870.0	3900.0	3790.0	21778.0
356	2016.12.09	3645.0	3870.0	3940.0	3645.0	45268.0
357	2016.12.08	3690.0	3670.0	3705.0	3635.0	34805.0
358	2016.12.07	3710.0	3680.0	3735.0	3595.0	21466.0
359	2016.12.06	3680.0	3700.0	3765.0	3680.0	63928.0
360	2016.12.05	3960.0	3730.0	3960.0	3730.0	48365.0
361	2016.12.02	3980.0	3965.0	4050.0	3905.0	25849.0
362	2016.12.01	4065.0	4020.0	4065.0	3975.0	37765.0
363	2016.11.30	4105.0	4065.0	4150.0	4045.0	27437.0
364	2016.11.29	4165.0	4130.0	4165.0	4065.0	21034.0
365	2016.11.28	4170.0	4130.0	4170.0	4080.0	22430.0
366	2016.11.25	4105.0	4170.0	4170.0	4100.0	23609.0
367	2016.11.24	4200.0	4140.0	4225.0	4010.0	52443.0
368	2016.11.23	4260.0	4200.0	4330.0	4150.0	50656.0
369	2016.11.22	4360.0	4240.0	4380.0	4215.0	31483.0
370	2016.11.21	4465.0	4345.0	4465.0	4300.0	30882.0
371	2016.11.18	4460.0	4465.0	4530.0	4415.0	37607.0
372	2016.11.17	4400.0	4465.0	4480.0	4360.0	33673.0
373	2016.11.16	4355.0	4410.0	4435.0	4275.0	45772.0
374	2016.11.15	4355.0	4340.0	4355.0	4285.0	18107.0
375	2016.11.14	4240.0	4320.0	4340.0	4210.0	43296.0
376	2016.11.11	4195.0	4240.0	4285.0	4195.0	25639.0
377	2016.11.10	4165.0	4220.0	4245.0	4165.0	40862.0
378	2016.11.09	4350.0	4155.0	4390.0	3905.0	144068.0
379	2016.11.08	4380.0	4350.0	4450.0	4310.0	37920.0
380	2016.11.07	4370.0	4380.0	4415.0	4250.0	28699.0
381	2016.11.04	4470.0	4350.0	4485.0	4305.0	49614.0
382	2016.11.03	4390.0	4420.0	4460.0	4255.0	42965.0
383	2016.11.02	4585.0	4415.0	4585.0	4380.0	53692.0
384	2016.11.01	4390.0	4585.0	4700.0	4390.0	115438.0
385	2016.10.31	4610.0	4410.0	4665.0	4380.0	72477.0
386	2016.10.28	4490.0	4615.0	4615.0	4400.0	82564.0
387	2016.10.27	4425.0	4460.0	4520.0	4375.0	29172.0
388	2016.10.26	4275.0	4440.0	4645.0	4245.0	157446.0
389	2016.10.25	4320.0	4275.0	4320.0	4240.0	18210.0
390	2016.10.24	4310.0	4320.0	4325.0	4280.0	17448.0
391	2016.10.21	4330.0	4335.0	4350.0	4250.0	24557.0
392	2016.10.20	4340.0	4335.0	4375.0	4305.0	11978.0
393	2016.10.19	4360.0	4340.0	4370.0	4295.0	22522.0
394	2016.10.18	4540.0	4360.0	4540.0	4325.0	26524.0
395	2016.10.17	4355.0	4320.0	4355.0	4290.0	27574.0
396	2016.10.14	4485.0	4370.0	4490.0	4360.0	48430.0
397	2016.10.13	4500.0	4485.0	4515.0	4440.0	11009.0
398	2016.10.12	4415.0	4515.0	4520.0	4415.0	16030.0
399	2016.10.11	4560.0	4450.0	4575.0	4440.0	52540.0
400	2016.10.10	4595.0	4555.0	4595.0	4530.0	19311.0
401	2016.10.07	4615.0	4595.0	4635.0	4530.0	71837.0
402	2016.10.06	4650.0	4615.0	4690.0	4580.0	45167.0
403	2016.10.05	4605.0	4650.0	4675.0	4605.0	19366.0
404	2016.10.04	4625.0	4645.0	4685.0	4595.0	30121.0
405	2016.09.30	4680.0	4625.0	4680.0	4550.0	73454.0
406	2016.09.29	4740.0	4680.0	4745.0	4640.0	30779.0
407	2016.09.28	4720.0	4730.0	4770.0	4650.0	41175.0
408	2016.09.27	4670.0	4700.0	4700.0	4540.0	53313.0
409	2016.09.26	4810.0	4675.0	4810.0	4600.0	68873.0
410	2016.09.23	4860.0	4765.0	4860.0	4710.0	59697.0
411	2016.09.22	4910.0	4835.0	4930.0	4780.0	131820.0
412	2016.09.21	4845.0	4910.0	4930.0	4730.0	121105.0
413	2016.09.20	4690.0	4870.0	4970.0	4690.0	288439.0
414	2016.09.19	4720.0	4710.0	4745.0	4550.0	81094.0
415	2016.09.13	4610.0	4720.0	4720.0	4570.0	67562.0
416	2016.09.12	4545.0	4570.0	4635.0	4480.0	137688.0
417	2016.09.09	4845.0	4740.0	4845.0	4695.0	81198.0
418	2016.09.08	4860.0	4850.0	4970.0	4690.0	314499.0
419	2016.09.07	4590.0	4910.0	4910.0	4520.0	469728.0
420	2016.09.06	4580.0	4545.0	4620.0	4515.0	41057.0
421	2016.09.05	4555.0	4580.0	4620.0	4450.0	113395.0
422	2016.09.02	4325.0	4500.0	4630.0	4325.0	203078.0
423	2016.09.01	4255.0	4330.0	4350.0	4215.0	68945.0
424	2016.08.31	4250.0	4240.0	4250.0	4205.0	46677.0
425	2016.08.30	4150.0	4235.0	4235.0	4110.0	27970.0
426	2016.08.29	4195.0	4150.0	4230.0	4100.0	66882.0
427	2016.08.26	4205.0	4195.0	4205.0	4135.0	18654.0
428	2016.08.25	4245.0	4160.0	4280.0	4160.0	25634.0
429	2016.08.24	4260.0	4245.0	4280.0	4200.0	18885.0
430	2016.08.23	4160.0	4240.0	4240.0	4150.0	22704.0
431	2016.08.22	4310.0	4160.0	4310.0	4160.0	31735.0
432	2016.08.19	4315.0	4280.0	4355.0	4250.0	32616.0
433	2016.08.18	4160.0	4300.0	4300.0	4140.0	77348.0
434	2016.08.17	4220.0	4155.0	4250.0	4140.0	56818.0
435	2016.08.16	4360.0	4220.0	4380.0	4205.0	106221.0
436	2016.08.12	4350.0	4360.0	4400.0	4300.0	29693.0
437	2016.08.11	4425.0	4330.0	4465.0	4310.0	45520.0
438	2016.08.10	4490.0	4420.0	4495.0	4365.0	134055.0
439	2016.08.09	4555.0	4555.0	4575.0	4490.0	82914.0
440	2016.08.08	4670.0	4575.0	4690.0	4545.0	59780.0
441	2016.08.05	4675.0	4670.0	4685.0	4585.0	62542.0
442	2016.08.04	4740.0	4650.0	4800.0	4650.0	61177.0
443	2016.08.03	4690.0	4745.0	4765.0	4570.0	52959.0
444	2016.08.02	4820.0	4690.0	4820.0	4670.0	54380.0
445	2016.08.01	4905.0	4780.0	4905.0	4740.0	88612.0
446	2016.07.29	5000.0	4905.0	5020.0	4850.0	69821.0
447	2016.07.28	4980.0	4930.0	4980.0	4775.0	153963.0
448	2016.07.27	4900.0	4935.0	5040.0	4880.0	192964.0
449	2016.07.26	5060.0	4900.0	5120.0	4865.0	148124.0
450	2016.07.25	4795.0	5050.0	5080.0	4775.0	389583.0
451	2016.07.22	4765.0	4795.0	4815.0	4730.0	61676.0
452	2016.07.21	4790.0	4765.0	4870.0	4715.0	104004.0
453	2016.07.20	4705.0	4775.0	4900.0	4670.0	95809.0
454	2016.07.19	4655.0	4745.0	4775.0	4655.0	90449.0
455	2016.07.18	4515.0	4700.0	4760.0	4515.0	135070.0
456	2016.07.15	4860.0	4560.0	4895.0	4525.0	275592.0
457	2016.07.14	4830.0	4860.0	4900.0	4760.0	126973.0
458	2016.07.13	4740.0	4875.0	4875.0	4735.0	137948.0
459	2016.07.12	5030.0	4775.0	5030.0	4750.0	392997.0
460	2016.07.11	5240.0	5070.0	5240.0	5020.0	304393.0
461	2016.07.08	4835.0	5170.0	5230.0	4740.0	513791.0
462	2016.07.07	4975.0	4835.0	5360.0	4740.0	978577.0
463	2016.07.06	4730.0	4890.0	4890.0	4565.0	477708.0
464	2016.07.05	4700.0	4765.0	4765.0	4535.0	973759.0
465	2016.07.04	3980.0	4670.0	4970.0	3980.0	2796582.0
466	2016.07.01	3970.0	3960.0	3970.0	3925.0	52571.0
467	2016.06.30	3945.0	3930.0	3995.0	3875.0	57675.0
468	2016.06.29	3930.0	3940.0	3945.0	3870.0	66612.0
469	2016.06.28	3790.0	3900.0	3915.0	3765.0	50925.0
470	2016.06.27	3740.0	3800.0	3840.0	3590.0	57290.0
471	2016.06.24	4010.0	3745.0	4020.0	3590.0	259922.0
472	2016.06.23	4060.0	3965.0	4060.0	3925.0	67946.0
473	2016.06.22	4000.0	4035.0	4095.0	3930.0	57485.0
474	2016.06.21	4005.0	4030.0	4030.0	3915.0	39643.0
475	2016.06.20	3950.0	3970.0	3970.0	3895.0	41259.0
476	2016.06.17	3900.0	3885.0	3950.0	3840.0	79552.0
477	2016.06.16	4005.0	3855.0	4015.0	3845.0	119054.0
478	2016.06.15	4000.0	4015.0	4030.0	3915.0	58891.0
479	2016.06.14	4100.0	4000.0	4145.0	3970.0	137394.0
480	2016.06.13	4165.0	4100.0	4165.0	4070.0	79765.0
481	2016.06.10	4140.0	4165.0	4200.0	4090.0	85281.0
482	2016.06.09	4180.0	4140.0	4205.0	4100.0	86537.0
483	2016.06.08	4285.0	4180.0	4295.0	4095.0	213323.0
484	2016.06.07	4220.0	4285.0	4285.0	4205.0	133455.0
485	2016.06.03	4100.0	4200.0	4200.0	4060.0	117970.0
486	2016.06.02	4180.0	4115.0	4225.0	4100.0	99294.0
487	2016.06.01	4075.0	4160.0	4175.0	4070.0	111904.0
488	2016.05.31	4035.0	4070.0	4070.0	4000.0	153998.0
489	2016.05.30	4155.0	4055.0	4195.0	4050.0	167690.0
490	2016.05.27	4150.0	4200.0	4215.0	4125.0	95616.0
491	2016.05.26	4240.0	4200.0	4240.0	4115.0	193625.0
492	2016.05.25	4400.0	4305.0	4460.0	4300.0	240640.0
493	2016.05.24	4430.0	4430.0	4465.0	4310.0	405741.0
494	2016.05.23	4380.0	4350.0	4425.0	4280.0	289741.0
495	2016.05.20	4310.0	4380.0	4465.0	4235.0	617215.0
496	2016.05.19	4240.0	4300.0	4360.0	4190.0	457784.0
497	2016.05.18	4210.0	4240.0	4295.0	4190.0	368410.0
498	2016.05.17	4200.0	4250.0	4320.0	4140.0	361142.0
499	2016.05.16	4245.0	4210.0	4265.0	4155.0	263590.0
500	2016.05.13	4065.0	4230.0	4350.0	4065.0	788402.0
501	2016.05.12	4105.0	4080.0	4115.0	4065.0	100570.0
502	2016.05.11	4120.0	4100.0	4120.0	4045.0	156801.0
503	2016.05.10	4095.0	4090.0	4095.0	4000.0	151152.0
504	2016.05.09	3990.0	4080.0	4090.0	3935.0	365577.0
505	2016.05.04	4005.0	3930.0	4015.0	3925.0	152488.0
506	2016.05.03	4000.0	4010.0	4040.0	3970.0	159935.0
507	2016.05.02	4055.0	3995.0	4055.0	3990.0	174741.0
508	2016.04.29	3975.0	4005.0	4070.0	3975.0	222389.0
509	2016.04.28	3970.0	3985.0	4005.0	3930.0	111731.0
510	2016.04.27	3970.0	3970.0	4040.0	3945.0	163965.0
511	2016.04.26	4030.0	3970.0	4030.0	3870.0	237527.0
512	2016.04.25	4050.0	4015.0	4065.0	4000.0	174619.0
513	2016.04.22	4095.0	4045.0	4095.0	4000.0	267422.0
514	2016.04.21	3955.0	4050.0	4085.0	3950.0	516182.0
515	2016.04.20	3975.0	3935.0	4010.0	3930.0	342622.0
516	2016.04.19	3960.0	3975.0	4005.0	3940.0	383820.0
517	2016.04.18	4060.0	3900.0	4060.0	3895.0	399093.0
518	2016.04.15	4120.0	3970.0	4135.0	3870.0	1434283.0
519	2016.04.14	4120.0	4120.0	4220.0	4120.0	3472712.0
520	2016.04.12	5500.0	5880.0	5920.0	5210.0	1165622.0
521	2016.04.11	5770.0	5490.0	5770.0	5410.0	439169.0
522	2016.04.08	5740.0	5770.0	5960.0	5610.0	412671.0
523	2016.04.07	6060.0	5800.0	6090.0	5580.0	640597.0
524	2016.04.06	6350.0	6100.0	6450.0	6050.0	688957.0
525	2016.04.05	6390.0	6200.0	6650.0	5930.0	1376052.0
526	2016.04.04	7010.0	6300.0	7140.0	6200.0	1375488.0
527	2016.04.01	7600.0	7310.0	7700.0	7050.0	1176429.0
528	2016.03.31	7470.0	7600.0	7870.0	7250.0	971107.0
529	2016.03.30	7220.0	7550.0	7650.0	7030.0	826532.0
530	2016.03.29	7040.0	7200.0	7430.0	6850.0	901592.0
531	2016.03.28	7550.0	7180.0	7990.0	6690.0	2050562.0
532	2016.03.25	7400.0	7150.0	8500.0	6660.0	3923643.0
533	2016.03.24	6300.0	7700.0	7740.0	5960.0	2691392.0
534	2016.03.23	4910.0	5960.0	5960.0	4910.0	1167008.0
535	2016.03.22	5090.0	4985.0	5390.0	4935.0	739720.0
536	2016.03.21	4465.0	5000.0	5000.0	4465.0	1060682.0
537	2016.03.18	3935.0	4430.0	4690.0	3930.0	1124778.0
538	2016.03.17	4080.0	3970.0	4250.0	3970.0	218117.0
539	2016.03.16	4440.0	4130.0	4700.0	4070.0	843177.0
540	2016.03.15	3980.0	3915.0	3985.0	3850.0	178725.0
541	2016.03.14	3900.0	3980.0	4100.0	3790.0	651463.0
542	2016.03.11	3700.0	3800.0	3850.0	3560.0	419390.0
543	2016.03.10	3630.0	3650.0	3710.0	3490.0	456190.0
544	2016.03.09	3140.0	3600.0	3950.0	3140.0	1681988.0
545	2016.03.08	3165.0	3140.0	3195.0	3140.0	18160.0
546	2016.03.07	3200.0	3165.0	3220.0	3165.0	26874.0
547	2016.03.04	3200.0	3190.0	3215.0	3170.0	11009.0
548	2016.03.03	3220.0	3200.0	3225.0	3165.0	18437.0
549	2016.03.02	3180.0	3200.0	3220.0	3145.0	53474.0
550	2016.02.29	3100.0	3140.0	3140.0	3095.0	15388.0
551	2016.02.26	3175.0	3120.0	3190.0	3080.0	49094.0
552	2016.02.25	3160.0	3175.0	3185.0	3140.0	7340.0
553	2016.02.24	3165.0	3160.0	3185.0	3150.0	17302.0
554	2016.02.23	3185.0	3170.0	3185.0	3140.0	10055.0
555	2016.02.22	3185.0	3180.0	3185.0	3145.0	5535.0
556	2016.02.19	3160.0	3185.0	3195.0	3150.0	10556.0
557	2016.02.18	3165.0	3180.0	3180.0	3115.0	15736.0
558	2016.02.17	3170.0	3165.0	3170.0	3100.0	14582.0
559	2016.02.16	3065.0	3145.0	3145.0	3065.0	19872.0
560	2016.02.15	3050.0	3100.0	3100.0	3020.0	33038.0
561	2016.02.12	3090.0	3050.0	3140.0	2970.0	61910.0
562	2016.02.11	3150.0	3150.0	3150.0	3065.0	28452.0
563	2016.02.05	3155.0	3210.0	3220.0	3150.0	20725.0
564	2016.02.04	3120.0	3185.0	3185.0	3120.0	18473.0
565	2016.02.03	3130.0	3120.0	3130.0	3070.0	21103.0
566	2016.02.02	3285.0	3150.0	3285.0	3070.0	79791.0
567	2016.02.01	3295.0	3285.0	3295.0	3220.0	18018.0
568	2016.01.29	3275.0	3295.0	3300.0	3230.0	13200.0
569	2016.01.28	3245.0	3275.0	3275.0	3235.0	9502.0
570	2016.01.27	3230.0	3245.0	3245.0	3180.0	21029.0
571	2016.01.26	3225.0	3215.0	3230.0	3100.0	33845.0
572	2016.01.25	3200.0	3230.0	3250.0	3150.0	19339.0
573	2016.01.22	3110.0	3200.0	3215.0	3110.0	22704.0
574	2016.01.21	3180.0	3160.0	3250.0	3075.0	39880.0
575	2016.01.20	3295.0	3255.0	3320.0	3130.0	45429.0
576	2016.01.19	3110.0	3180.0	3395.0	3110.0	93027.0
577	2016.01.18	3070.0	3105.0	3120.0	3040.0	23314.0
578	2016.01.15	3090.0	3035.0	3115.0	3035.0	22310.0
579	2016.01.14	3045.0	3090.0	3100.0	2900.0	48573.0
580	2016.01.13	3100.0	3095.0	3140.0	3080.0	15210.0
581	2016.01.12	3070.0	3100.0	3110.0	3040.0	32238.0
582	2016.01.11	3100.0	3110.0	3110.0	3040.0	21032.0
583	2016.01.08	3100.0	3110.0	3110.0	3020.0	27980.0
584	2016.01.07	3150.0	3110.0	3155.0	3060.0	30528.0
585	2016.01.06	3170.0	3175.0	3180.0	3065.0	44575.0
586	2016.01.05	3125.0	3170.0	3190.0	3065.0	34235.0
587	2016.01.04	3300.0	3140.0	3300.0	3140.0	44367.0
588	2015.12.30	3320.0	3300.0	3360.0	3235.0	49031.0
589	2015.12.29	3390.0	3360.0	3440.0	3300.0	66656.0
590	2015.12.28	3480.0	3465.0	3515.0	3390.0	81751.0
591	2015.12.24	3345.0	3470.0	3625.0	3340.0	228002.0
592	2015.12.23	3340.0	3350.0	3350.0	3300.0	30790.0
593	2015.12.22	3300.0	3320.0	3330.0	3265.0	25887.0
594	2015.12.21	3295.0	3300.0	3365.0	3260.0	20340.0
595	2015.12.18	3270.0	3295.0	3340.0	3225.0	23193.0
596	2015.12.17	3285.0	3270.0	3335.0	3240.0	10667.0
597	2015.12.16	3200.0	3285.0	3345.0	3160.0	26310.0
598	2015.12.15	3210.0	3200.0	3235.0	3150.0	13876.0
599	2015.12.14	3335.0	3200.0	3335.0	3200.0	23700.0
600	2015.12.11	3290.0	3345.0	3350.0	3235.0	21658.0
601	2015.12.10	3325.0	3290.0	3350.0	3220.0	16268.0
602	2015.12.09	3295.0	3325.0	3370.0	3255.0	23955.0
603	2015.12.08	3240.0	3295.0	3420.0	3205.0	93313.0
604	2015.12.07	3145.0	3185.0	3185.0	3125.0	13410.0
605	2015.12.04	3150.0	3145.0	3155.0	3125.0	10450.0
606	2015.12.03	3195.0	3150.0	3195.0	3115.0	19266.0
607	2015.12.02	3235.0	3205.0	3265.0	3170.0	51909.0
608	2015.12.01	3245.0	3270.0	3270.0	3200.0	13061.0
609	2015.11.30	3270.0	3245.0	3315.0	3200.0	45699.0
610	2015.11.27	3350.0	3330.0	3375.0	3280.0	31778.0
611	2015.11.26	3385.0	3350.0	3385.0	3310.0	15176.0
612	2015.11.25	3365.0	3340.0	3365.0	3305.0	21572.0
613	2015.11.24	3340.0	3335.0	3345.0	3275.0	15957.0
614	2015.11.23	3330.0	3320.0	3380.0	3300.0	19093.0
615	2015.11.20	3350.0	3340.0	3510.0	3310.0	43309.0
616	2015.11.19	3340.0	3350.0	3360.0	3310.0	30199.0
617	2015.11.18	3400.0	3340.0	3430.0	3275.0	40437.0
618	2015.11.17	3445.0	3400.0	3490.0	3395.0	14702.0
619	2015.11.16	3500.0	3445.0	3580.0	3400.0	46103.0
620	2015.11.13	3535.0	3535.0	3600.0	3470.0	14030.0
621	2015.11.12	3540.0	3540.0	3550.0	3455.0	13497.0
622	2015.11.11	3470.0	3535.0	3535.0	3445.0	6034.0
623	2015.11.10	3550.0	3440.0	3590.0	3410.0	17168.0
624	2015.11.09	3670.0	3600.0	3670.0	3540.0	9187.0
625	2015.11.06	3510.0	3660.0	3690.0	3510.0	26335.0
626	2015.11.05	3640.0	3690.0	3700.0	3555.0	10646.0
627	2015.11.04	3530.0	3630.0	3645.0	3530.0	7266.0
628	2015.11.03	3500.0	3580.0	3600.0	3460.0	20100.0
629	2015.11.02	3600.0	3465.0	3665.0	3460.0	33374.0
630	2015.10.30	3680.0	3600.0	3720.0	3585.0	14770.0
631	2015.10.29	3790.0	3700.0	3790.0	3690.0	10651.0
632	2015.10.28	3805.0	3790.0	3830.0	3695.0	15470.0
633	2015.10.27	3830.0	3805.0	3850.0	3745.0	43139.0
634	2015.10.26	3790.0	3830.0	3850.0	3715.0	21558.0
635	2015.10.23	3815.0	3800.0	3815.0	3705.0	31059.0
636	2015.10.22	3850.0	3815.0	3865.0	3750.0	28536.0
637	2015.10.21	3690.0	3845.0	3880.0	3615.0	119974.0
638	2015.10.20	3640.0	3690.0	3695.0	3560.0	19862.0
639	2015.10.19	3620.0	3630.0	3660.0	3555.0	34574.0
640	2015.10.16	3555.0	3620.0	3650.0	3495.0	33480.0
641	2015.10.15	3610.0	3555.0	3610.0	3500.0	22298.0
642	2015.10.14	3600.0	3610.0	3615.0	3520.0	19377.0
643	2015.10.13	3575.0	3615.0	3640.0	3565.0	17268.0
644	2015.10.12	3525.0	3565.0	3570.0	3525.0	9674.0
645	2015.10.08	3580.0	3520.0	3580.0	3510.0	7408.0
646	2015.10.07	3590.0	3540.0	3600.0	3505.0	11638.0
647	2015.10.06	3535.0	3590.0	3595.0	3535.0	13257.0
648	2015.10.05	3500.0	3535.0	3560.0	3500.0	6967.0
649	2015.10.02	3440.0	3510.0	3520.0	3440.0	9993.0
650	2015.10.01	3425.0	3470.0	3480.0	3395.0	19992.0
651	2015.09.30	3440.0	3430.0	3445.0	3380.0	18031.0
652	2015.09.25	3480.0	3470.0	3485.0	3320.0	23443.0
653	2015.09.24	3495.0	3480.0	3495.0	3435.0	26383.0
654	2015.09.23	3515.0	3495.0	3580.0	3480.0	12253.0
655	2015.09.22	3540.0	3515.0	3590.0	3490.0	21246.0
656	2015.09.21	3580.0	3575.0	3580.0	3515.0	3081.0
657	2015.09.18	3550.0	3580.0	3590.0	3550.0	11891.0
658	2015.09.17	3520.0	3550.0	3555.0	3490.0	14824.0
659	2015.09.16	3580.0	3520.0	3580.0	3490.0	19773.0
660	2015.09.15	3470.0	3485.0	3550.0	3445.0	9665.0
661	2015.09.14	3500.0	3500.0	3515.0	3455.0	13422.0
662	2015.09.11	3360.0	3455.0	3740.0	3340.0	21819.0
663	2015.09.10	3350.0	3360.0	3360.0	3325.0	7895.0
664	2015.09.09	3305.0	3360.0	3380.0	3305.0	7622.0
665	2015.09.08	3365.0	3305.0	3375.0	3305.0	6805.0
666	2015.09.07	3395.0	3365.0	3395.0	3330.0	4588.0
667	2015.09.04	3445.0	3400.0	3450.0	3360.0	9057.0
668	2015.09.03	3320.0	3445.0	3455.0	3320.0	13550.0
669	2015.09.02	3345.0	3335.0	3345.0	3270.0	10569.0
670	2015.09.01	3450.0	3385.0	3485.0	3340.0	18227.0
671	2015.08.31	3500.0	3490.0	3520.0	3400.0	13661.0
672	2015.08.28	3375.0	3500.0	3500.0	3375.0	20759.0
673	2015.08.27	3345.0	3370.0	3370.0	3270.0	30749.0
674	2015.08.26	3180.0	3260.0	3285.0	3180.0	19389.0
675	2015.08.25	3045.0	3170.0	3180.0	3000.0	35991.0
676	2015.08.24	3000.0	3020.0	3140.0	3000.0	38856.0
677	2015.08.21	3400.0	3110.0	3400.0	3045.0	135715.0
678	2015.08.20	3440.0	3450.0	3465.0	3410.0	14022.0
679	2015.08.19	3405.0	3435.0	3565.0	3385.0	48331.0
680	2015.08.18	3750.0	3435.0	3800.0	3350.0	177413.0
681	2015.08.17	4025.0	3840.0	4085.0	3840.0	76581.0
682	2015.08.13	4065.0	4095.0	4100.0	3980.0	27273.0
683	2015.08.12	4095.0	4030.0	4095.0	3960.0	45030.0
684	2015.08.11	4010.0	4100.0	4120.0	4010.0	14280.0
685	2015.08.10	4120.0	4030.0	4120.0	3990.0	20167.0
686	2015.08.07	4150.0	4120.0	4150.0	4085.0	13054.0
687	2015.08.06	4100.0	4190.0	4190.0	4050.0	34158.0
688	2015.08.05	4015.0	4065.0	4095.0	3970.0	37734.0
689	2015.08.04	4040.0	4010.0	4080.0	4005.0	23235.0
690	2015.08.03	4050.0	4050.0	4095.0	4000.0	28637.0
691	2015.07.31	4085.0	4050.0	4085.0	3990.0	37048.0
692	2015.07.30	4235.0	4085.0	4235.0	4080.0	38983.0
693	2015.07.29	4165.0	4240.0	4255.0	4160.0	26473.0
694	2015.07.28	4235.0	4160.0	4235.0	4065.0	57776.0
695	2015.07.27	4435.0	4235.0	4435.0	4205.0	34473.0
696	2015.07.24	4500.0	4395.0	4550.0	4310.0	100688.0
697	2015.07.23	4410.0	4475.0	4740.0	4365.0	226853.0
698	2015.07.22	4290.0	4275.0	4340.0	4260.0	23240.0
699	2015.07.21	4335.0	4330.0	4340.0	4260.0	25591.0
700	2015.07.20	4315.0	4300.0	4315.0	4240.0	39357.0
701	2015.07.17	4300.0	4275.0	4305.0	4245.0	31519.0
702	2015.07.16	4270.0	4285.0	4330.0	4245.0	37479.0
703	2015.07.15	4240.0	4230.0	4290.0	4145.0	40122.0
704	2015.07.14	4340.0	4275.0	4340.0	4245.0	16587.0
705	2015.07.13	4290.0	4280.0	4300.0	4200.0	17309.0
706	2015.07.10	3970.0	4290.0	4310.0	3900.0	71068.0
707	2015.07.09	4000.0	3960.0	4035.0	3870.0	41510.0
708	2015.07.08	4020.0	4000.0	4070.0	4000.0	33065.0
709	2015.07.07	4045.0	4020.0	4045.0	4005.0	61024.0
710	2015.07.06	4205.0	3990.0	4205.0	3990.0	55583.0
711	2015.07.03	4205.0	4210.0	4260.0	4125.0	37238.0
712	2015.07.02	4215.0	4215.0	4275.0	4185.0	39936.0
713	2015.07.01	4235.0	4235.0	4300.0	4225.0	21683.0
714	2015.06.30	4210.0	4235.0	4260.0	4150.0	16314.0
715	2015.06.29	4390.0	4280.0	4390.0	3990.0	61849.0
716	2015.06.26	4495.0	4405.0	4495.0	4375.0	43876.0
717	2015.06.25	4450.0	4440.0	4480.0	4400.0	15650.0
718	2015.06.24	4375.0	4450.0	4460.0	4370.0	41470.0
719	2015.06.23	4535.0	4370.0	4535.0	4340.0	100724.0
720	2015.06.22	4520.0	4495.0	4550.0	4465.0	23150.0
721	2015.06.19	4480.0	4520.0	4530.0	4470.0	30728.0
722	2015.06.18	4475.0	4485.0	4590.0	4475.0	76918.0
723	2015.06.17	4325.0	4475.0	4475.0	4305.0	37702.0
724	2015.06.16	4350.0	4325.0	4385.0	4300.0	27233.0
725	2015.06.15	4355.0	4350.0	4390.0	4295.0	28733.0
726	2015.06.12	4350.0	4365.0	4395.0	4305.0	36118.0
727	2015.06.11	4440.0	4375.0	4440.0	4330.0	26124.0
728	2015.06.10	4300.0	4395.0	4420.0	4300.0	125032.0
729	2015.06.09	4310.0	4300.0	4330.0	4170.0	101629.0
730	2015.06.08	4230.0	4310.0	4340.0	4230.0	43559.0
731	2015.06.05	4245.0	4230.0	4245.0	4070.0	43973.0
732	2015.06.04	4280.0	4250.0	4380.0	4175.0	75980.0
733	2015.06.03	4440.0	4280.0	4450.0	4140.0	105639.0
734	2015.06.02	4535.0	4430.0	4535.0	4350.0	71865.0
735	2015.06.01	4615.0	4535.0	4625.0	4470.0	33680.0
736	2015.05.29	4540.0	4630.0	4700.0	4495.0	57046.0
737	2015.05.28	4515.0	4540.0	4560.0	4435.0	52138.0
738	2015.05.27	4600.0	4465.0	4640.0	4445.0	57602.0
739	2015.05.26	4620.0	4600.0	4710.0	4560.0	54214.0
740	2015.05.22	4615.0	4620.0	4725.0	4580.0	80398.0
741	2015.05.21	4485.0	4650.0	4660.0	4450.0	100815.0
742	2015.05.20	4520.0	4485.0	4540.0	4435.0	116757.0
743	2015.05.19	4425.0	4515.0	4520.0	4385.0	114849.0
744	2015.05.18	4500.0	4390.0	4510.0	4230.0	397270.0
745	2015.05.15	5180.0	4600.0	5240.0	4510.0	771206.0
746	2015.05.14	5240.0	5210.0	5320.0	5200.0	41766.0
747	2015.05.13	5270.0	5230.0	5420.0	5160.0	32712.0
748	2015.05.12	5320.0	5260.0	5460.0	5250.0	47123.0
749	2015.05.11	5050.0	5340.0	5350.0	5050.0	74671.0
750	2015.05.08	5080.0	5010.0	5150.0	5010.0	58170.0
751	2015.05.07	5170.0	5090.0	5240.0	5080.0	35850.0
752	2015.05.06	5130.0	5170.0	5200.0	4900.0	77656.0
753	2015.05.04	5320.0	5150.0	5320.0	5150.0	63340.0
754	2015.04.30	5570.0	5320.0	5570.0	5290.0	46749.0
755	2015.04.29	5580.0	5520.0	5580.0	5230.0	139708.0
756	2015.04.28	5700.0	5580.0	5800.0	5470.0	138808.0
757	2015.04.27	5690.0	5680.0	5980.0	5680.0	144003.0
758	2015.04.24	5670.0	5690.0	5740.0	5410.0	130754.0
759	2015.04.23	5540.0	5620.0	5850.0	5200.0	198422.0
760	2015.04.22	5550.0	5430.0	5650.0	4800.0	206541.0
761	2015.04.21	5570.0	5550.0	5840.0	5260.0	237929.0
762	2015.04.20	5250.0	5600.0	6040.0	5060.0	459001.0
763	2015.04.17	4780.0	5260.0	5350.0	4780.0	310724.0
764	2015.04.16	4790.0	4760.0	4800.0	4705.0	44397.0
765	2015.04.15	4650.0	4750.0	4760.0	4620.0	48312.0
766	2015.04.14	4610.0	4650.0	4680.0	4600.0	34778.0
767	2015.04.13	4640.0	4610.0	4660.0	4600.0	64527.0
768	2015.04.10	4615.0	4625.0	4650.0	4565.0	42096.0
769	2015.04.09	4680.0	4615.0	4680.0	4595.0	27380.0
770	2015.04.08	4565.0	4575.0	4600.0	4530.0	44080.0
771	2015.04.07	4625.0	4560.0	4655.0	4550.0	37694.0
772	2015.04.06	4750.0	4620.0	4790.0	4545.0	75958.0
773	2015.04.03	4290.0	4620.0	4845.0	4285.0	147779.0
774	2015.04.02	4310.0	4290.0	4345.0	4285.0	81810.0
775	2015.04.01	4380.0	4290.0	4380.0	4250.0	41699.0
776	2015.03.31	4350.0	4365.0	4380.0	4300.0	34723.0
777	2015.03.30	4330.0	4335.0	4350.0	4275.0	16288.0
778	2015.03.27	4200.0	4270.0	4330.0	4185.0	24572.0
779	2015.03.26	4300.0	4195.0	4300.0	4190.0	34812.0
780	2015.03.25	4355.0	4300.0	4355.0	4275.0	27219.0
781	2015.03.24	4385.0	4350.0	4420.0	4270.0	34137.0
782	2015.03.23	4400.0	4390.0	4460.0	4340.0	19235.0
783	2015.03.20	4455.0	4400.0	4510.0	4340.0	42769.0
784	2015.03.19	4340.0	4455.0	4500.0	4340.0	122320.0
785	2015.03.18	4220.0	4335.0	4340.0	4195.0	66244.0
786	2015.03.17	4180.0	4175.0	4200.0	4165.0	8404.0
787	2015.03.16	4130.0	4165.0	4170.0	4105.0	57775.0
788	2015.03.13	4130.0	4100.0	4190.0	4100.0	30482.0
789	2015.03.12	4080.0	4105.0	4125.0	4070.0	19572.0
790	2015.03.11	4065.0	4090.0	4110.0	4060.0	19297.0
791	2015.03.10	4120.0	4090.0	4130.0	4050.0	23346.0
792	2015.03.09	4120.0	4115.0	4150.0	4100.0	13524.0
793	2015.03.06	4125.0	4120.0	4125.0	4100.0	12264.0
794	2015.03.05	4145.0	4110.0	4145.0	4100.0	17693.0
795	2015.03.04	4140.0	4120.0	4150.0	4070.0	28462.0
796	2015.03.03	4095.0	4120.0	4150.0	4080.0	11486.0
797	2015.03.02	4060.0	4120.0	4140.0	4050.0	57692.0
798	2015.02.27	4065.0	4055.0	4075.0	4020.0	19643.0
799	2015.02.26	4090.0	4070.0	4090.0	4040.0	19342.0
800	2015.02.25	4080.0	4050.0	4110.0	4035.0	9000.0
801	2015.02.24	4030.0	4070.0	4070.0	4020.0	21708.0
802	2015.02.23	4050.0	4065.0	4080.0	4000.0	22761.0
803	2015.02.17	3975.0	4050.0	4060.0	3940.0	50172.0
804	2015.02.16	4000.0	3975.0	4010.0	3960.0	16262.0
805	2015.02.13	4005.0	4000.0	4005.0	3965.0	42875.0
806	2015.02.12	4020.0	4000.0	4020.0	3980.0	7242.0
807	2015.02.11	3995.0	4010.0	4050.0	3930.0	16188.0
808	2015.02.10	3995.0	3995.0	4080.0	3950.0	22065.0
809	2015.02.09	4045.0	3995.0	4100.0	3995.0	32085.0
810	2015.02.06	4145.0	4100.0	4145.0	4035.0	20052.0
811	2015.02.05	4140.0	4145.0	4160.0	4100.0	10079.0
812	2015.02.04	4100.0	4135.0	4145.0	4100.0	25271.0
813	2015.02.03	4225.0	4120.0	4225.0	4105.0	37609.0
814	2015.02.02	4220.0	4225.0	4235.0	4150.0	10293.0
815	2015.01.30	4205.0	4220.0	4235.0	4100.0	11448.0
816	2015.01.29	4250.0	4230.0	4280.0	4195.0	28311.0
817	2015.01.28	4180.0	4250.0	4250.0	4100.0	33901.0
818	2015.01.27	4050.0	4180.0	4185.0	4050.0	23913.0
819	2015.01.26	4115.0	4070.0	4140.0	4035.0	31514.0
820	2015.01.23	4240.0	4150.0	4320.0	4150.0	85614.0
821	2015.01.22	4235.0	4240.0	4375.0	4225.0	20935.0
822	2015.01.21	4395.0	4225.0	4400.0	4200.0	28896.0
823	2015.01.20	4050.0	4280.0	4320.0	4040.0	91668.0
824	2015.01.19	4120.0	4040.0	4120.0	3955.0	27388.0
825	2015.01.16	4065.0	4015.0	4065.0	3990.0	7518.0
826	2015.01.15	3990.0	4065.0	4140.0	3950.0	23765.0
827	2015.01.14	3935.0	3975.0	3995.0	3925.0	24746.0
828	2015.01.13	4000.0	3960.0	4000.0	3900.0	26237.0
829	2015.01.12	3995.0	3980.0	3995.0	3895.0	41275.0
830	2015.01.09	3910.0	3935.0	3970.0	3900.0	23712.0
831	2015.01.08	3970.0	3930.0	3970.0	3850.0	28834.0
832	2015.01.07	3970.0	3920.0	3970.0	3885.0	16891.0
833	2015.01.06	3975.0	3930.0	3975.0	3835.0	14583.0
834	2015.01.05	3855.0	3895.0	3900.0	3840.0	13809.0
835	2015.01.02	3910.0	3855.0	4030.0	3840.0	13516.0
836	2014.12.30	4045.0	3910.0	4045.0	3885.0	22035.0
837	2014.12.29	4000.0	4030.0	4040.0	3970.0	36910.0
838	2014.12.26	4140.0	4150.0	4205.0	4100.0	69743.0
839	2014.12.24	4085.0	4140.0	4150.0	4040.0	23896.0
840	2014.12.23	4040.0	4080.0	4080.0	3970.0	36012.0
841	2014.12.22	4030.0	4025.0	4030.0	4000.0	15861.0
842	2014.12.19	3890.0	4010.0	4020.0	3890.0	56312.0
843	2014.12.18	3945.0	3890.0	3965.0	3850.0	21777.0
844	2014.12.17	4000.0	3950.0	4000.0	3950.0	17369.0
845	2014.12.16	4000.0	4015.0	4025.0	3950.0	12537.0
846	2014.12.15	4050.0	4000.0	4050.0	3980.0	16566.0
847	2014.12.12	4055.0	4005.0	4055.0	3940.0	18699.0
848	2014.12.11	4025.0	4000.0	4025.0	3965.0	10086.0
849	2014.12.10	4070.0	4025.0	4070.0	3990.0	15634.0
850	2014.12.09	4060.0	4040.0	4060.0	3990.0	16695.0
851	2014.12.08	4000.0	4025.0	4050.0	3970.0	19328.0
852	2014.12.05	3980.0	4035.0	4045.0	3975.0	24693.0
853	2014.12.04	4000.0	3995.0	4075.0	3950.0	41819.0
854	2014.12.03	4095.0	4010.0	4095.0	3985.0	15541.0
855	2014.12.02	4055.0	4030.0	4055.0	3980.0	27942.0
856	2014.12.01	4135.0	4055.0	4135.0	4030.0	16575.0
857	2014.11.28	4015.0	4070.0	4075.0	3980.0	17085.0
858	2014.11.27	4010.0	4015.0	4095.0	3995.0	9510.0
859	2014.11.26	4070.0	4015.0	4070.0	3975.0	25477.0
860	2014.11.25	4060.0	4010.0	4130.0	3925.0	41030.0
861	2014.11.24	4160.0	4000.0	4160.0	3940.0	41084.0
862	2014.11.21	4180.0	4090.0	4180.0	4045.0	32181.0
863	2014.11.20	4200.0	4150.0	4250.0	4130.0	16120.0
864	2014.11.19	4230.0	4240.0	4240.0	4160.0	20122.0
865	2014.11.18	4200.0	4230.0	4250.0	4160.0	25708.0
866	2014.11.17	4175.0	4200.0	4250.0	4165.0	28467.0
867	2014.11.14	4175.0	4175.0	4175.0	4030.0	51955.0
868	2014.11.13	4100.0	4175.0	4195.0	4100.0	15133.0
869	2014.11.12	4090.0	4130.0	4155.0	4010.0	28801.0
870	2014.11.11	4040.0	4040.0	4110.0	3925.0	15124.0
871	2014.11.10	3895.0	4000.0	4060.0	3895.0	17962.0
872	2014.11.07	3650.0	3885.0	3890.0	3650.0	45431.0
873	2014.11.06	3835.0	3650.0	3850.0	3620.0	83222.0
874	2014.11.05	3800.0	3810.0	3885.0	3790.0	45104.0
875	2014.11.04	4075.0	3785.0	4150.0	3710.0	104314.0
876	2014.11.03	4295.0	4075.0	4295.0	3995.0	120137.0
877	2014.10.31	4310.0	4295.0	4355.0	4255.0	14496.0
878	2014.10.30	4305.0	4310.0	4375.0	4280.0	24962.0
879	2014.10.29	4440.0	4340.0	4490.0	4240.0	45739.0
880	2014.10.28	4470.0	4435.0	4470.0	4395.0	12223.0
881	2014.10.27	4480.0	4470.0	4510.0	4395.0	34121.0
882	2014.10.24	4510.0	4500.0	4520.0	4455.0	26209.0
883	2014.10.23	4540.0	4510.0	4550.0	4480.0	33614.0
884	2014.10.22	4475.0	4510.0	4540.0	4475.0	31009.0
885	2014.10.21	4545.0	4470.0	4545.0	4445.0	50053.0
886	2014.10.20	4635.0	4560.0	4635.0	4470.0	26042.0
887	2014.10.17	4640.0	4600.0	4660.0	4595.0	15726.0
888	2014.10.16	4520.0	4645.0	4655.0	4480.0	35392.0
889	2014.10.15	4475.0	4600.0	4600.0	4475.0	19124.0
890	2014.10.14	4370.0	4475.0	4510.0	4370.0	38396.0
891	2014.10.13	4260.0	4370.0	4375.0	4100.0	112284.0
892	2014.10.10	4630.0	4365.0	4635.0	4350.0	72117.0
893	2014.10.08	4600.0	4640.0	4660.0	4580.0	10524.0
894	2014.10.07	4630.0	4630.0	4630.0	4490.0	60323.0
895	2014.10.06	4860.0	4640.0	4875.0	4570.0	95663.0
896	2014.10.02	4835.0	4860.0	4870.0	4800.0	18350.0
897	2014.10.01	4875.0	4870.0	4970.0	4835.0	53814.0
898	2014.09.30	4825.0	4875.0	4890.0	4800.0	86818.0
899	2014.09.29	4605.0	4820.0	4920.0	4605.0	99463.0
900	2014.09.26	4645.0	4680.0	4690.0	4550.0	40482.0
901	2014.09.25	4660.0	4630.0	4690.0	4550.0	43689.0
902	2014.09.24	4725.0	4660.0	4765.0	4570.0	83072.0
903	2014.09.23	4785.0	4725.0	4785.0	4650.0	36845.0
904	2014.09.22	4690.0	4785.0	4800.0	4575.0	41763.0
905	2014.09.19	4610.0	4690.0	4700.0	4550.0	59307.0
906	2014.09.18	4790.0	4670.0	4800.0	4590.0	73068.0
907	2014.09.17	4700.0	4750.0	4780.0	4550.0	119645.0
908	2014.09.16	4520.0	4665.0	4670.0	4385.0	70878.0
909	2014.09.15	4395.0	4515.0	4515.0	4320.0	51170.0
910	2014.09.12	4380.0	4405.0	4435.0	4295.0	46678.0
911	2014.09.11	4465.0	4415.0	4465.0	4325.0	73443.0
912	2014.09.05	4375.0	4420.0	4520.0	4350.0	70927.0
913	2014.09.04	4370.0	4375.0	4380.0	4270.0	66734.0
914	2014.09.03	4450.0	4310.0	4500.0	4240.0	159509.0
915	2014.09.02	4070.0	4430.0	4435.0	4025.0	251002.0
916	2014.09.01	3950.0	4010.0	4020.0	3950.0	100137.0
917	2014.08.29	3925.0	3945.0	3950.0	3900.0	36681.0
918	2014.08.28	3955.0	3920.0	4030.0	3890.0	48596.0
919	2014.08.27	3900.0	3950.0	3975.0	3890.0	56536.0
920	2014.08.26	3900.0	3885.0	3935.0	3865.0	49291.0
921	2014.08.25	3930.0	3890.0	3980.0	3875.0	67384.0
922	2014.08.22	4045.0	3950.0	4045.0	3940.0	48211.0
923	2014.08.21	3985.0	3975.0	3985.0	3880.0	41798.0
924	2014.08.20	4030.0	3960.0	4040.0	3930.0	58545.0
925	2014.08.19	4060.0	4030.0	4060.0	3960.0	48245.0
926	2014.08.18	4145.0	4020.0	4150.0	3990.0	75730.0
927	2014.08.14	3790.0	4045.0	4100.0	3745.0	145099.0
928	2014.08.13	3795.0	3795.0	3795.0	3740.0	19490.0
929	2014.08.12	3835.0	3765.0	3835.0	3715.0	40463.0
930	2014.08.11	3795.0	3825.0	3835.0	3795.0	29647.0
931	2014.08.08	3850.0	3805.0	3850.0	3735.0	38921.0
932	2014.08.07	3740.0	3795.0	3840.0	3740.0	83728.0
933	2014.08.06	3660.0	3715.0	3725.0	3650.0	44407.0
934	2014.08.05	3610.0	3660.0	3670.0	3605.0	27566.0
935	2014.08.04	3570.0	3610.0	3615.0	3570.0	30729.0
936	2014.08.01	3600.0	3595.0	3650.0	3555.0	97940.0
937	2014.07.31	3680.0	3655.0	3695.0	3570.0	53468.0
938	2014.07.30	3625.0	3640.0	3700.0	3465.0	161901.0
939	2014.07.29	3630.0	3535.0	3750.0	3490.0	125240.0
940	2014.07.28	3800.0	3630.0	3875.0	3590.0	83453.0
941	2014.07.25	3825.0	3845.0	3870.0	3700.0	29182.0
942	2014.07.24	3850.0	3800.0	3885.0	3715.0	56492.0
943	2014.07.23	3885.0	3830.0	3885.0	3830.0	62723.0
944	2014.07.22	3655.0	3850.0	3950.0	3650.0	195886.0
945	2014.07.21	3620.0	3665.0	3725.0	3500.0	93178.0
946	2014.07.18	3580.0	3605.0	3690.0	3560.0	89729.0
947	2014.07.17	3630.0	3640.0	3770.0	3575.0	243200.0
948	2014.07.16	3270.0	3570.0	3570.0	3270.0	327324.0
949	2014.07.15	3260.0	3270.0	3280.0	3215.0	55812.0
950	2014.07.14	3230.0	3250.0	3250.0	3185.0	53989.0
951	2014.07.11	3255.0	3200.0	3255.0	3170.0	25001.0
952	2014.07.10	3280.0	3205.0	3290.0	3200.0	46418.0
953	2014.07.09	3250.0	3270.0	3280.0	3205.0	23622.0
954	2014.07.08	3235.0	3250.0	3290.0	3210.0	30665.0
955	2014.07.07	3215.0	3250.0	3290.0	3210.0	38577.0
956	2014.07.04	3300.0	3215.0	3300.0	3190.0	84727.0
957	2014.07.03	3300.0	3300.0	3320.0	3275.0	31245.0
958	2014.07.02	3345.0	3290.0	3345.0	3285.0	38932.0
959	2014.07.01	3350.0	3350.0	3350.0	3260.0	24815.0
960	2014.06.30	3370.0	3350.0	3370.0	3250.0	55935.0
961	2014.06.27	3330.0	3370.0	3370.0	3310.0	20005.0
962	2014.06.26	3375.0	3350.0	3420.0	3310.0	25787.0
963	2014.06.25	3415.0	3395.0	3440.0	3365.0	29405.0
964	2014.06.24	3450.0	3415.0	3450.0	3380.0	20745.0
965	2014.06.23	3440.0	3440.0	3455.0	3400.0	27249.0
966	2014.06.20	3460.0	3440.0	3475.0	3425.0	19292.0
967	2014.06.19	3400.0	3450.0	3470.0	3395.0	47894.0
968	2014.06.18	3360.0	3400.0	3400.0	3300.0	59509.0
969	2014.06.17	3360.0	3360.0	3405.0	3320.0	58414.0
970	2014.06.16	3485.0	3405.0	3485.0	3375.0	21507.0
971	2014.06.13	3480.0	3435.0	3480.0	3390.0	13956.0
972	2014.06.12	3450.0	3430.0	3450.0	3395.0	36257.0
973	2014.06.11	3420.0	3420.0	3445.0	3335.0	35687.0
974	2014.06.10	3320.0	3395.0	3405.0	3320.0	47444.0
975	2014.06.09	3400.0	3320.0	3480.0	3320.0	54844.0
976	2014.06.05	3470.0	3460.0	3485.0	3425.0	20623.0
977	2014.06.03	3370.0	3455.0	3540.0	3345.0	73111.0
978	2014.06.02	3450.0	3380.0	3450.0	3250.0	134698.0
979	2014.05.30	3625.0	3460.0	3625.0	3350.0	223405.0
980	2014.05.29	3675.0	3620.0	3680.0	3565.0	50653.0
981	2014.05.28	3720.0	3680.0	3720.0	3590.0	26800.0
982	2014.05.27	3675.0	3680.0	3715.0	3650.0	34121.0
983	2014.05.26	3650.0	3675.0	3710.0	3620.0	81372.0
984	2014.05.23	3600.0	3650.0	3670.0	3550.0	62116.0
985	2014.05.22	3540.0	3640.0	3700.0	3540.0	86077.0
986	2014.05.21	3400.0	3540.0	3555.0	3400.0	66642.0
987	2014.05.20	3405.0	3420.0	3420.0	3270.0	144152.0
988	2014.05.19	3580.0	3420.0	3590.0	3300.0	196871.0
989	2014.05.16	3400.0	3510.0	3515.0	3345.0	144115.0
990	2014.05.15	3440.0	3400.0	3450.0	3330.0	96081.0
991	2014.05.14	3265.0	3395.0	3485.0	3230.0	172190.0
992	2014.05.13	3200.0	3230.0	3235.0	3170.0	65584.0
993	2014.05.12	3180.0	3175.0	3265.0	3155.0	188800.0
994	2014.05.09	2970.0	3170.0	3190.0	2955.0	254325.0
995	2014.05.08	2910.0	2950.0	2960.0	2895.0	66213.0
996	2014.05.07	2860.0	2890.0	2930.0	2855.0	98460.0
997	2014.05.02	2845.0	2860.0	2860.0	2820.0	36883.0
998	2014.04.30	2835.0	2840.0	2840.0	2815.0	38602.0
999	2014.04.29	2840.0	2835.0	2850.0	2795.0	31051.0
1000	2014.04.28	2800.0	2830.0	2830.0	2790.0	32578.0
1001	2014.04.25	2830.0	2800.0	2850.0	2705.0	60778.0
1002	2014.04.24	2785.0	2840.0	2870.0	2775.0	132238.0
1003	2014.04.23	2750.0	2780.0	2780.0	2745.0	78587.0
1004	2014.04.22	2760.0	2740.0	2760.0	2700.0	64008.0
1005	2014.04.21	2700.0	2715.0	2750.0	2700.0	38140.0
1006	2014.04.18	2655.0	2695.0	2715.0	2650.0	62173.0
1007	2014.04.17	2680.0	2650.0	2680.0	2640.0	98380.0
1008	2014.04.16	2700.0	2680.0	2700.0	2650.0	115260.0
1009	2014.04.15	2720.0	2700.0	2735.0	2665.0	84717.0
1010	2014.04.14	2730.0	2730.0	2735.0	2695.0	25210.0
1011	2014.04.11	2720.0	2725.0	2725.0	2670.0	20106.0
1012	2014.04.10	2725.0	2700.0	2725.0	2660.0	42471.0
1013	2014.04.09	2830.0	2705.0	2830.0	2650.0	114361.0
1014	2014.04.08	2845.0	2795.0	2845.0	2740.0	58678.0
1015	2014.04.07	2800.0	2825.0	2850.0	2790.0	31330.0
1016	2014.04.04	2790.0	2805.0	2805.0	2745.0	30980.0
1017	2014.04.03	2770.0	2785.0	2795.0	2755.0	31251.0
1018	2014.04.02	2730.0	2760.0	2770.0	2720.0	23089.0
1019	2014.04.01	2690.0	2730.0	2745.0	2650.0	95540.0
1020	2014.03.31	2780.0	2690.0	2790.0	2690.0	102225.0
1021	2014.03.28	2865.0	2820.0	2940.0	2810.0	118312.0
1022	2014.03.27	2790.0	2875.0	2915.0	2765.0	122302.0
1023	2014.03.26	2790.0	2790.0	2855.0	2710.0	89175.0
1024	2014.03.25	2800.0	2790.0	2830.0	2705.0	95449.0
1025	2014.03.24	2595.0	2795.0	2905.0	2590.0	311701.0
1026	2014.03.21	2455.0	2560.0	2570.0	2415.0	96189.0
1027	2014.03.20	2450.0	2450.0	2450.0	2430.0	23161.0
1028	2014.03.19	2450.0	2445.0	2455.0	2435.0	24260.0
1029	2014.03.18	2455.0	2445.0	2460.0	2430.0	35660.0
1030	2014.03.17	2425.0	2445.0	2465.0	2420.0	18661.0
1031	2014.03.14	2405.0	2440.0	2490.0	2405.0	55492.0
1032	2014.03.13	2440.0	2415.0	2465.0	2400.0	90730.0
1033	2014.03.12	2500.0	2435.0	2500.0	2430.0	36050.0
1034	2014.03.11	2460.0	2485.0	2500.0	2455.0	19330.0
1035	2014.03.10	2460.0	2460.0	2490.0	2415.0	60358.0
1036	2014.03.07	2455.0	2460.0	2480.0	2395.0	33220.0
1037	2014.03.06	2480.0	2455.0	2495.0	2435.0	41862.0
1038	2014.03.05	2525.0	2480.0	2525.0	2370.0	40431.0
1039	2014.03.04	2460.0	2500.0	2520.0	2460.0	20864.0
1040	2014.03.03	2425.0	2485.0	2490.0	2420.0	33960.0
1041	2014.02.28	2495.0	2485.0	2495.0	2310.0	23680.0
1042	2014.02.27	2495.0	2490.0	2500.0	2465.0	19960.0
1043	2014.02.26	2470.0	2495.0	2510.0	2470.0	28870.0
1044	2014.02.25	2445.0	2470.0	2490.0	2410.0	30850.0
1045	2014.02.24	2430.0	2460.0	2470.0	2375.0	36921.0
1046	2014.02.21	2425.0	2435.0	2515.0	2350.0	57623.0
1047	2014.02.20	2330.0	2425.0	2450.0	2325.0	172222.0
1048	2014.02.19	2275.0	2315.0	2350.0	2265.0	75209.0
1049	2014.02.18	2265.0	2290.0	2310.0	2250.0	34383.0
1050	2014.02.17	2230.0	2265.0	2265.0	2230.0	73910.0
1051	2014.02.14	2315.0	2265.0	2315.0	2260.0	69492.0
1052	2014.02.13	2320.0	2315.0	2350.0	2260.0	44620.0
1053	2014.02.12	2320.0	2320.0	2360.0	2260.0	61167.0
1054	2014.02.11	2285.0	2290.0	2395.0	2240.0	212388.0
1055	2014.02.10	2160.0	2285.0	2285.0	2150.0	214065.0
1056	2014.02.07	2145.0	2160.0	2175.0	2100.0	98571.0
1057	2014.02.06	2095.0	2145.0	2305.0	2090.0	366816.0
1058	2014.02.05	1995.0	2020.0	2025.0	1995.0	48093.0
1059	2014.02.04	2020.0	2005.0	2020.0	1960.0	23930.0
1060	2014.02.03	2030.0	2025.0	2050.0	2010.0	45810.0
1061	2014.01.29	2000.0	2010.0	2050.0	2000.0	30177.0
1062	2014.01.28	2010.0	2015.0	2030.0	1975.0	38427.0
1063	2014.01.27	2050.0	2010.0	2135.0	2000.0	213858.0
1064	2014.01.24	1960.0	1950.0	1970.0	1925.0	19388.0
1065	2014.01.23	1975.0	1955.0	1975.0	1940.0	14185.0
1066	2014.01.22	1975.0	1965.0	1975.0	1940.0	10051.0
1067	2014.01.21	1960.0	1970.0	1985.0	1950.0	24625.0
1068	2014.01.20	1975.0	1985.0	1990.0	1960.0	9931.0
1069	2014.01.17	1995.0	1990.0	1995.0	1940.0	9110.0
1070	2014.01.16	1990.0	1980.0	1990.0	1955.0	3951.0
1071	2014.01.15	2000.0	1945.0	2000.0	1945.0	7600.0
1072	2014.01.14	1980.0	1965.0	1980.0	1945.0	21741.0
1073	2014.01.13	1980.0	1980.0	1980.0	1955.0	5384.0
1074	2014.01.10	1950.0	1975.0	1975.0	1945.0	2580.0
1075	2014.01.09	1975.0	1955.0	1975.0	1930.0	12564.0
1076	2014.01.08	1980.0	1950.0	1980.0	1930.0	3360.0
1077	2014.01.07	1995.0	1950.0	1995.0	1930.0	35900.0
1078	2014.01.06	1980.0	1980.0	1995.0	1935.0	5660.0
1079	2014.01.03	1975.0	1975.0	1975.0	1900.0	54250.0
1080	2014.01.02	2020.0	1975.0	2020.0	1945.0	13770.0
1081	2013.12.30	1985.0	2000.0	2020.0	1965.0	5850.0
1082	2013.12.27	1975.0	1995.0	1995.0	1950.0	33980.0
1083	2013.12.26	2050.0	2045.0	2080.0	2045.0	60030.0
1084	2013.12.24	2040.0	2045.0	2080.0	2020.0	23820.0
1085	2013.12.23	2015.0	2045.0	2045.0	2010.0	19920.0
1086	2013.12.20	2000.0	2020.0	2020.0	1990.0	19510.0
1087	2013.12.19	2000.0	2010.0	2030.0	1995.0	6155.0
1088	2013.12.18	2005.0	2015.0	2030.0	1995.0	20520.0
1089	2013.12.17	1990.0	2015.0	2035.0	1990.0	27445.0
1090	2013.12.16	2030.0	2000.0	2030.0	2000.0	12180.0
1091	2013.12.13	2025.0	2015.0	2055.0	2000.0	31160.0
1092	2013.12.12	2005.0	2045.0	2045.0	2000.0	29380.0
1093	2013.12.11	2045.0	2040.0	2080.0	2000.0	52080.0
1094	2013.12.10	2030.0	2045.0	2095.0	2010.0	17150.0
1095	2013.12.09	2150.0	2045.0	2150.0	2025.0	34822.0
1096	2013.12.06	2040.0	2035.0	2040.0	2010.0	24940.0
1097	2013.12.05	2055.0	2020.0	2055.0	2015.0	35090.0
1098	2013.12.04	2075.0	2055.0	2090.0	2030.0	40670.0
1099	2013.12.03	2115.0	2080.0	2130.0	2055.0	52016.0
1100	2013.12.02	2095.0	2115.0	2135.0	2090.0	14130.0
1101	2013.11.29	2085.0	2130.0	2130.0	2050.0	52640.0
1102	2013.11.28	2100.0	2110.0	2110.0	2080.0	4780.0
1103	2013.11.27	2090.0	2095.0	2120.0	2075.0	17370.0
1104	2013.11.26	2105.0	2085.0	2110.0	2085.0	10862.0
1105	2013.11.25	2125.0	2120.0	2130.0	2090.0	11960.0
1106	2013.11.22	2150.0	2125.0	2150.0	2095.0	10531.0
1107	2013.11.21	2105.0	2140.0	2140.0	2095.0	10590.0
1108	2013.11.20	2145.0	2140.0	2150.0	2095.0	23380.0
1109	2013.11.19	2105.0	2115.0	2145.0	2080.0	36690.0
1110	2013.11.18	2090.0	2105.0	2135.0	2075.0	12580.0
1111	2013.11.15	2095.0	2105.0	2105.0	2065.0	45920.0
1112	2013.11.14	2125.0	2100.0	2125.0	2075.0	11680.0
1113	2013.11.13	2100.0	2100.0	2100.0	2060.0	8200.0
1114	2013.11.12	2080.0	2100.0	2110.0	2075.0	10050.0
1115	2013.11.11	2115.0	2085.0	2115.0	2050.0	12210.0
1116	2013.11.08	2100.0	2090.0	2105.0	2060.0	27410.0
1117	2013.11.07	2125.0	2110.0	2125.0	2095.0	22280.0
1118	2013.11.06	2125.0	2125.0	2135.0	2110.0	13611.0
1119	2013.11.05	2145.0	2125.0	2150.0	2115.0	8314.0
1120	2013.11.04	2130.0	2150.0	2180.0	2105.0	33760.0
1121	2013.11.01	2175.0	2130.0	2175.0	2120.0	35220.0
1122	2013.10.31	2180.0	2135.0	2180.0	2120.0	47630.0
1123	2013.10.30	2080.0	2140.0	2170.0	2070.0	113373.0
1124	2013.10.29	2040.0	2040.0	2055.0	2040.0	5330.0
1125	2013.10.28	2050.0	2055.0	2055.0	2025.0	18370.0
1126	2013.10.25	2040.0	2040.0	2045.0	2025.0	24061.0
1127	2013.10.24	2050.0	2040.0	2055.0	2035.0	35120.0
1128	2013.10.23	2050.0	2045.0	2065.0	2040.0	39135.0
1129	2013.10.22	2040.0	2050.0	2050.0	2035.0	7930.0
1130	2013.10.21	2045.0	2055.0	2065.0	2040.0	9060.0
1131	2013.10.18	2020.0	2045.0	2050.0	2020.0	11190.0
1132	2013.10.17	2020.0	2020.0	2045.0	2020.0	7811.0
1133	2013.10.16	2040.0	2030.0	2055.0	2010.0	18162.0
1134	2013.10.15	2035.0	2040.0	2090.0	2035.0	13772.0
1135	2013.10.14	2045.0	2050.0	2065.0	2040.0	10270.0
1136	2013.10.11	2050.0	2055.0	2055.0	2010.0	26170.0
1137	2013.10.10	2045.0	2055.0	2055.0	2005.0	26002.0
1138	2013.10.08	2055.0	2045.0	2055.0	2000.0	34520.0
1139	2013.10.07	2120.0	2050.0	2120.0	2000.0	39801.0
1140	2013.10.04	2100.0	2115.0	2130.0	2080.0	23600.0
1141	2013.10.02	2120.0	2130.0	2130.0	2090.0	10440.0
1142	2013.10.01	2135.0	2100.0	2175.0	2085.0	54859.0
1143	2013.09.30	2110.0	2140.0	2200.0	2105.0	89023.0
1144	2013.09.27	2080.0	2120.0	2120.0	2065.0	51681.0
1145	2013.09.26	2080.0	2080.0	2080.0	2055.0	7643.0
1146	2013.09.25	2070.0	2080.0	2095.0	2050.0	24445.0
1147	2013.09.24	2070.0	2070.0	2075.0	2050.0	14532.0
1148	2013.09.23	2060.0	2070.0	2075.0	2045.0	15891.0
1149	2013.09.17	2060.0	2060.0	2070.0	2035.0	15197.0
1150	2013.09.16	2050.0	2060.0	2070.0	2030.0	40643.0
1151	2013.09.13	2025.0	2050.0	2055.0	2015.0	22959.0
1152	2013.09.12	2050.0	2040.0	2080.0	2020.0	54400.0
1153	2013.09.11	2035.0	2045.0	2050.0	2015.0	32800.0
1154	2013.09.10	2070.0	2050.0	2070.0	2010.0	48230.0
1155	2013.09.09	2020.0	2080.0	2090.0	2010.0	128930.0
1156	2013.09.06	1955.0	2010.0	2015.0	1955.0	83420.0
1157	2013.09.05	1920.0	1955.0	1960.0	1920.0	34469.0
1158	2013.09.04	1900.0	1920.0	1935.0	1895.0	76921.0
1159	2013.09.03	1910.0	1910.0	1965.0	1900.0	46930.0
1160	2013.09.02	1910.0	1910.0	1940.0	1890.0	25890.0
1161	2013.08.30	1915.0	1900.0	1945.0	1895.0	132651.0
1162	2013.08.29	1950.0	1920.0	1950.0	1900.0	81870.0
1163	2013.08.28	1935.0	1940.0	1945.0	1900.0	24814.0
1164	2013.08.27	1935.0	1965.0	1995.0	1935.0	43100.0
1165	2013.08.26	1955.0	1965.0	2000.0	1955.0	20731.0
1166	2013.08.23	1925.0	1950.0	1960.0	1925.0	8731.0
1167	2013.08.22	1965.0	1925.0	1965.0	1910.0	39151.0
1168	2013.08.21	1985.0	1970.0	2005.0	1925.0	49690.0
1169	2013.08.20	2035.0	1990.0	2060.0	1990.0	61100.0
1170	2013.08.19	2045.0	2035.0	2075.0	2015.0	104579.0
1171	2013.08.16	1980.0	2015.0	2025.0	1960.0	151600.0
1172	2013.08.14	1910.0	1960.0	1960.0	1900.0	42730.0
1173	2013.08.13	1920.0	1920.0	1920.0	1890.0	25560.0
1174	2013.08.12	1895.0	1915.0	1940.0	1890.0	10760.0
1175	2013.08.09	1885.0	1910.0	1930.0	1870.0	64382.0
1176	2013.08.08	1890.0	1890.0	1890.0	1850.0	29840.0
1177	2013.08.07	1895.0	1890.0	1895.0	1870.0	8870.0
1178	2013.08.06	1890.0	1890.0	1970.0	1890.0	39460.0
1179	2013.08.05	1885.0	1895.0	1895.0	1870.0	21811.0
1180	2013.08.02	1865.0	1885.0	1890.0	1860.0	57890.0
1181	2013.08.01	1865.0	1880.0	1890.0	1855.0	15800.0
1182	2013.07.31	1860.0	1865.0	1875.0	1855.0	18476.0
1183	2013.07.30	1850.0	1860.0	1865.0	1850.0	26060.0
1184	2013.07.29	1880.0	1845.0	1880.0	1845.0	22838.0
1185	2013.07.26	1840.0	1870.0	1880.0	1840.0	17330.0
1186	2013.07.25	1870.0	1860.0	1870.0	1840.0	38430.0
1187	2013.07.24	1870.0	1865.0	1880.0	1855.0	25540.0
1188	2013.07.23	1865.0	1865.0	1885.0	1860.0	5220.0
1189	2013.07.22	1890.0	1860.0	1890.0	1830.0	33091.0
1190	2013.07.19	1895.0	1895.0	1900.0	1840.0	27810.0
1191	2013.07.18	1910.0	1895.0	1910.0	1800.0	26231.0
1192	2013.07.17	1875.0	1910.0	1925.0	1860.0	45490.0
1193	2013.07.16	1870.0	1875.0	1885.0	1845.0	14365.0
1194	2013.07.15	1845.0	1865.0	1880.0	1835.0	15157.0
1195	2013.07.12	1865.0	1860.0	1865.0	1840.0	20390.0
1196	2013.07.11	1830.0	1870.0	1890.0	1830.0	16924.0
1197	2013.07.10	1850.0	1860.0	1865.0	1820.0	28065.0
1198	2013.07.09	1830.0	1860.0	1860.0	1825.0	11651.0
1199	2013.07.08	1865.0	1830.0	1890.0	1800.0	81821.0
1200	2013.07.05	1910.0	1890.0	1930.0	1865.0	21584.0
1201	2013.07.04	1940.0	1900.0	1940.0	1890.0	5055.0
1202	2013.07.03	1850.0	1920.0	1935.0	1850.0	35300.0
1203	2013.07.02	1940.0	1940.0	1950.0	1890.0	7770.0
1204	2013.07.01	1915.0	1930.0	1950.0	1900.0	20086.0
1205	2013.06.28	1940.0	1915.0	1960.0	1915.0	23596.0
1206	2013.06.27	1915.0	1960.0	2000.0	1900.0	89181.0
1207	2013.06.26	1870.0	1920.0	1950.0	1865.0	34600.0
1208	2013.06.25	1905.0	1870.0	1925.0	1820.0	65913.0
1209	2013.06.24	1975.0	1935.0	1990.0	1920.0	49094.0
1210	2013.06.21	2000.0	1975.0	2020.0	1955.0	56674.0
1211	2013.06.20	2060.0	2050.0	2065.0	1990.0	25013.0
1212	2013.06.19	2035.0	2060.0	2075.0	2010.0	58300.0
1213	2013.06.18	2085.0	2055.0	2110.0	2035.0	96615.0
1214	2013.06.17	1940.0	2070.0	2120.0	1940.0	270086.0
1215	2013.06.14	1935.0	1940.0	1940.0	1910.0	9840.0
1216	2013.06.13	1925.0	1930.0	1930.0	1900.0	8310.0
1217	2013.06.12	1925.0	1925.0	1945.0	1905.0	33690.0
1218	2013.06.11	1945.0	1925.0	1945.0	1895.0	40212.0
1219	2013.06.10	1940.0	1950.0	1955.0	1930.0	24071.0
1220	2013.06.07	1950.0	1945.0	1950.0	1900.0	88305.0
1221	2013.06.05	1930.0	1955.0	1955.0	1930.0	34480.0
1222	2013.06.04	1990.0	1945.0	1990.0	1900.0	52110.0
1223	2013.06.03	1980.0	1990.0	2000.0	1955.0	35418.0
1224	2013.05.31	1955.0	1985.0	2040.0	1955.0	121582.0
1225	2013.05.30	1940.0	1955.0	1980.0	1935.0	78502.0
1226	2013.05.29	1980.0	1960.0	1980.0	1935.0	45873.0
1227	2013.05.28	1980.0	1980.0	1995.0	1935.0	26250.0
1228	2013.05.27	1915.0	1980.0	1980.0	1915.0	59741.0
1229	2013.05.24	1940.0	1915.0	1960.0	1910.0	63560.0
1230	2013.05.23	1965.0	1940.0	1980.0	1935.0	69961.0
1231	2013.05.22	1960.0	1965.0	1995.0	1955.0	102174.0
1232	2013.05.21	1940.0	1955.0	1975.0	1935.0	89788.0
1233	2013.05.20	1900.0	1945.0	1980.0	1900.0	83580.0
1234	2013.05.16	1910.0	1905.0	1915.0	1865.0	70131.0
1235	2013.05.15	1920.0	1905.0	1960.0	1880.0	234730.0
1236	2013.05.14	1890.0	1890.0	1920.0	1860.0	65958.0
1237	2013.05.13	1870.0	1885.0	1950.0	1870.0	113140.0
1238	2013.05.10	1880.0	1890.0	1890.0	1860.0	31449.0
1239	2013.05.09	1860.0	1880.0	1880.0	1850.0	33961.0
1240	2013.05.08	1830.0	1860.0	1900.0	1825.0	16650.0
1241	2013.05.07	1855.0	1850.0	1855.0	1780.0	23672.0
1242	2013.05.06	1850.0	1845.0	1870.0	1815.0	30619.0
1243	2013.05.03	1880.0	1850.0	1880.0	1840.0	22381.0
1244	2013.05.02	1910.0	1870.0	1910.0	1710.0	43051.0
1245	2013.04.30	1920.0	1885.0	1940.0	1850.0	73640.0
1246	2013.04.29	1930.0	1880.0	1930.0	1870.0	42543.0
1247	2013.04.26	1855.0	1900.0	1915.0	1835.0	113201.0
1248	2013.04.25	1790.0	1855.0	1860.0	1775.0	228397.0
1249	2013.04.24	1695.0	1760.0	1775.0	1695.0	134920.0
1250	2013.04.23	1725.0	1695.0	1730.0	1695.0	22351.0
1251	2013.04.22	1690.0	1730.0	1745.0	1685.0	40910.0
1252	2013.04.19	1695.0	1685.0	1700.0	1670.0	16497.0
1253	2013.04.18	1680.0	1695.0	1695.0	1665.0	17321.0
1254	2013.04.17	1705.0	1690.0	1705.0	1670.0	29221.0
1255	2013.04.16	1690.0	1695.0	1700.0	1625.0	34290.0
1256	2013.04.15	1720.0	1710.0	1720.0	1675.0	20850.0
1257	2013.04.12	1680.0	1690.0	1700.0	1660.0	28967.0
1258	2013.04.11	1700.0	1680.0	1720.0	1680.0	12459.0
1259	2013.04.10	1670.0	1690.0	1700.0	1650.0	18800.0
1260	2013.04.09	1655.0	1655.0	1675.0	1640.0	34232.0
1261	2013.04.08	1720.0	1665.0	1725.0	1635.0	110605.0
1262	2013.04.05	1720.0	1720.0	1735.0	1680.0	48362.0
1263	2013.04.04	1775.0	1740.0	1780.0	1565.0	98313.0
1264	2013.04.03	1795.0	1775.0	1825.0	1750.0	77705.0
1265	2013.04.02	1790.0	1795.0	1820.0	1760.0	58530.0
1266	2013.04.01	1780.0	1790.0	1795.0	1770.0	41660.0
1267	2013.03.29	1805.0	1790.0	1840.0	1790.0	65611.0
1268	2013.03.28	1840.0	1820.0	1840.0	1800.0	22041.0
1269	2013.03.27	1840.0	1840.0	1850.0	1820.0	22968.0
1270	2013.03.26	1850.0	1840.0	1860.0	1840.0	23388.0
1271	2013.03.25	1850.0	1850.0	1860.0	1830.0	11007.0
1272	2013.03.22	1870.0	1850.0	1870.0	1835.0	19210.0
1273	2013.03.21	1830.0	1860.0	1875.0	1830.0	17220.0
1274	2013.03.20	1845.0	1840.0	1850.0	1825.0	13490.0
1275	2013.03.19	1845.0	1845.0	1845.0	1795.0	56537.0
1276	2013.03.18	1850.0	1845.0	1860.0	1830.0	25151.0
1277	2013.03.15	1875.0	1860.0	1890.0	1835.0	38500.0
1278	2013.03.14	1845.0	1865.0	1870.0	1820.0	48583.0
1279	2013.03.13	1825.0	1865.0	1880.0	1820.0	44649.0
1280	2013.03.12	1880.0	1840.0	1900.0	1840.0	57353.0
1281	2013.03.11	1925.0	1895.0	1925.0	1860.0	38120.0
1282	2013.03.08	1865.0	1900.0	1920.0	1865.0	62171.0
1283	2013.03.07	1860.0	1885.0	1900.0	1850.0	62451.0
1284	2013.03.06	1830.0	1890.0	1895.0	1800.0	93166.0
1285	2013.03.05	1805.0	1840.0	1875.0	1775.0	115872.0
1286	2013.03.04	1735.0	1800.0	1830.0	1720.0	166968.0
1287	2013.02.28	1735.0	1735.0	1740.0	1720.0	13410.0
1288	2013.02.27	1710.0	1735.0	1735.0	1700.0	18871.0
1289	2013.02.26	1730.0	1720.0	1750.0	1700.0	32010.0
1290	2013.02.25	1720.0	1755.0	1765.0	1710.0	47630.0
1291	2013.02.22	1725.0	1705.0	1730.0	1695.0	19510.0
1292	2013.02.21	1730.0	1725.0	1730.0	1700.0	15210.0
1293	2013.02.20	1715.0	1730.0	1730.0	1710.0	28728.0
1294	2013.02.19	1700.0	1710.0	1715.0	1695.0	24363.0
1295	2013.02.18	1715.0	1710.0	1720.0	1695.0	24758.0
1296	2013.02.15	1700.0	1715.0	1715.0	1700.0	15471.0
1297	2013.02.14	1705.0	1700.0	1715.0	1690.0	33411.0
1298	2013.02.13	1700.0	1705.0	1715.0	1695.0	36290.0
1299	2013.02.12	1700.0	1700.0	1700.0	1685.0	11899.0
1300	2013.02.08	1695.0	1700.0	1705.0	1695.0	10810.0
1301	2013.02.07	1705.0	1695.0	1705.0	1675.0	51881.0
1302	2013.02.06	1700.0	1700.0	1705.0	1675.0	23905.0
1303	2013.02.05	1725.0	1700.0	1730.0	1680.0	64110.0
1304	2013.02.04	1720.0	1730.0	1745.0	1700.0	95930.0
1305	2013.02.01	1745.0	1730.0	1760.0	1700.0	40730.0
1306	2013.01.31	1760.0	1740.0	1795.0	1740.0	70255.0
1307	2013.01.30	1700.0	1760.0	1760.0	1690.0	75645.0
1308	2013.01.29	1710.0	1700.0	1710.0	1675.0	42970.0
1309	2013.01.28	1665.0	1700.0	1700.0	1665.0	14490.0
1310	2013.01.25	1685.0	1690.0	1690.0	1660.0	36440.0
1311	2013.01.24	1690.0	1690.0	1700.0	1665.0	20811.0
1312	2013.01.23	1715.0	1700.0	1715.0	1695.0	3608.0
1313	2013.01.22	1715.0	1720.0	1720.0	1700.0	6710.0
1314	2013.01.21	1680.0	1715.0	1715.0	1660.0	30470.0
1315	2013.01.18	1680.0	1680.0	1680.0	1665.0	5310.0
1316	2013.01.17	1710.0	1670.0	1710.0	1650.0	52650.0
1317	2013.01.16	1720.0	1710.0	1720.0	1670.0	31500.0
1318	2013.01.15	1725.0	1710.0	1725.0	1695.0	15291.0
1319	2013.01.14	1720.0	1720.0	1720.0	1695.0	31143.0
1320	2013.01.11	1720.0	1725.0	1735.0	1700.0	30464.0
1321	2013.01.10	1680.0	1720.0	1730.0	1675.0	48578.0
1322	2013.01.09	1695.0	1685.0	1700.0	1660.0	46850.0
1323	2013.01.08	1720.0	1705.0	1720.0	1690.0	16900.0
1324	2013.01.07	1720.0	1720.0	1730.0	1700.0	18100.0
1325	2013.01.04	1745.0	1730.0	1745.0	1705.0	24092.0
1326	2013.01.03	1720.0	1745.0	1745.0	1695.0	46760.0
1327	2013.01.02	1745.0	1720.0	1745.0	1700.0	71560.0
1328	2012.12.28	1755.0	1750.0	1755.0	1710.0	36310.0
1329	2012.12.27	1765.0	1755.0	1785.0	1730.0	50193.0
1330	2012.12.26	1795.0	1810.0	1820.0	1785.0	134104.0
1331	2012.12.24	1775.0	1785.0	1795.0	1775.0	37870.0
1332	2012.12.21	1780.0	1790.0	1810.0	1780.0	78182.0
1333	2012.12.20	1775.0	1790.0	1800.0	1775.0	84779.0
1334	2012.12.18	1830.0	1795.0	1830.0	1775.0	44931.0
1335	2012.12.17	1835.0	1820.0	1835.0	1805.0	12131.0
1336	2012.12.14	1820.0	1835.0	1835.0	1805.0	29219.0
1337	2012.12.13	1780.0	1820.0	1840.0	1780.0	78032.0
1338	2012.12.12	1800.0	1795.0	1810.0	1765.0	39750.0
1339	2012.12.11	1825.0	1795.0	1825.0	1775.0	18241.0
1340	2012.12.10	1790.0	1795.0	1800.0	1775.0	77440.0
1341	2012.12.07	1785.0	1790.0	1805.0	1760.0	53000.0
1342	2012.12.06	1785.0	1785.0	1795.0	1760.0	36270.0
1343	2012.12.05	1780.0	1795.0	1800.0	1750.0	74820.0
1344	2012.12.04	1820.0	1780.0	1820.0	1765.0	65620.0
1345	2012.12.03	1825.0	1815.0	1825.0	1770.0	70142.0
1346	2012.11.30	1830.0	1825.0	1830.0	1770.0	34502.0
1347	2012.11.29	1825.0	1830.0	1865.0	1815.0	53041.0
1348	2012.11.28	1780.0	1825.0	1830.0	1765.0	44793.0
1349	2012.11.27	1770.0	1790.0	1800.0	1765.0	39970.0
1350	2012.11.26	1770.0	1795.0	1795.0	1770.0	32320.0
1351	2012.11.23	1825.0	1785.0	1825.0	1785.0	56440.0
1352	2012.11.22	1760.0	1820.0	1825.0	1740.0	109420.0
1353	2012.11.21	1745.0	1745.0	1760.0	1720.0	39050.0
1354	2012.11.20	1745.0	1740.0	1745.0	1725.0	50571.0
1355	2012.11.19	1665.0	1730.0	1735.0	1665.0	53880.0
1356	2012.11.16	1685.0	1680.0	1695.0	1665.0	21371.0
1357	2012.11.15	1690.0	1690.0	1705.0	1665.0	41960.0
1358	2012.11.14	1655.0	1695.0	1710.0	1640.0	78199.0
1359	2012.11.13	1645.0	1665.0	1665.0	1625.0	32641.0
1360	2012.11.12	1660.0	1660.0	1665.0	1635.0	30412.0
1361	2012.11.09	1670.0	1665.0	1675.0	1645.0	14760.0
1362	2012.11.08	1660.0	1675.0	1680.0	1625.0	37830.0
1363	2012.11.07	1690.0	1680.0	1695.0	1650.0	40972.0
1364	2012.11.06	1670.0	1690.0	1695.0	1625.0	34450.0
1365	2012.11.05	1640.0	1675.0	1710.0	1635.0	44201.0
1366	2012.11.02	1655.0	1670.0	1700.0	1640.0	65480.0
1367	2012.11.01	1635.0	1645.0	1660.0	1620.0	63360.0
1368	2012.10.31	1630.0	1655.0	1655.0	1625.0	33640.0
1369	2012.10.30	1590.0	1630.0	1670.0	1590.0	34519.0
1370	2012.10.29	1705.0	1640.0	1705.0	1615.0	80881.0
1371	2012.10.26	1730.0	1710.0	1735.0	1650.0	55220.0
1372	2012.10.25	1735.0	1730.0	1740.0	1715.0	18830.0
1373	2012.10.24	1735.0	1735.0	1745.0	1715.0	23167.0
1374	2012.10.23	1745.0	1745.0	1750.0	1730.0	9300.0
1375	2012.10.22	1725.0	1745.0	1745.0	1710.0	39310.0
1376	2012.10.19	1775.0	1750.0	1775.0	1735.0	27594.0
1377	2012.10.18	1790.0	1780.0	1790.0	1745.0	39870.0
1378	2012.10.17	1780.0	1790.0	1790.0	1770.0	51907.0
1379	2012.10.16	1740.0	1780.0	1780.0	1740.0	69559.0
1380	2012.10.15	1740.0	1745.0	1775.0	1740.0	76573.0
1381	2012.10.12	1750.0	1750.0	1755.0	1720.0	34680.0
1382	2012.10.11	1735.0	1745.0	1760.0	1725.0	58810.0
1383	2012.10.10	1740.0	1745.0	1745.0	1725.0	10140.0
1384	2012.10.09	1710.0	1735.0	1740.0	1710.0	20190.0
1385	2012.10.08	1740.0	1730.0	1745.0	1715.0	15580.0
1386	2012.10.05	1730.0	1740.0	1745.0	1725.0	28236.0
1387	2012.10.04	1740.0	1740.0	1750.0	1715.0	27431.0
1388	2012.10.02	1705.0	1740.0	1740.0	1705.0	45330.0
1389	2012.09.28	1715.0	1720.0	1725.0	1690.0	12230.0
1390	2012.09.27	1700.0	1725.0	1725.0	1675.0	36049.0
1391	2012.09.26	1740.0	1705.0	1740.0	1705.0	54972.0
1392	2012.09.25	1765.0	1745.0	1775.0	1745.0	41490.0
1393	2012.09.24	1800.0	1790.0	1805.0	1775.0	62273.0
1394	2012.09.21	1775.0	1780.0	1790.0	1750.0	36951.0
1395	2012.09.20	1795.0	1760.0	1795.0	1755.0	62197.0
1396	2012.09.19	1820.0	1790.0	1820.0	1770.0	89450.0
1397	2012.09.18	1795.0	1805.0	1840.0	1770.0	66330.0
1398	2012.09.17	1805.0	1795.0	1805.0	1760.0	65522.0
1399	2012.09.14	1795.0	1785.0	1825.0	1750.0	52990.0
1400	2012.09.13	1775.0	1770.0	1775.0	1715.0	63081.0
1401	2012.09.12	1790.0	1770.0	1800.0	1730.0	28460.0
1402	2012.09.11	1795.0	1780.0	1810.0	1755.0	40520.0
1403	2012.09.10	1820.0	1795.0	1855.0	1785.0	80057.0
1404	2012.09.07	1780.0	1820.0	1835.0	1760.0	79711.0
1405	2012.09.06	1750.0	1780.0	1795.0	1745.0	80718.0
1406	2012.09.05	1770.0	1750.0	1790.0	1690.0	135638.0
1407	2012.09.04	1730.0	1770.0	1780.0	1710.0	116250.0
1408	2012.09.03	1705.0	1730.0	1730.0	1660.0	85132.0
1409	2012.08.31	1720.0	1705.0	1790.0	1705.0	93321.0
1410	2012.08.30	1720.0	1715.0	1730.0	1690.0	72515.0
1411	2012.08.29	1715.0	1705.0	1725.0	1670.0	64470.0
1412	2012.08.28	1685.0	1715.0	1755.0	1685.0	91629.0
1413	2012.08.27	1670.0	1680.0	1685.0	1655.0	32704.0
1414	2012.08.24	1660.0	1675.0	1685.0	1630.0	65150.0
1415	2012.08.23	1690.0	1680.0	1710.0	1650.0	81754.0
1416	2012.08.22	1670.0	1685.0	1685.0	1660.0	110811.0
1417	2012.08.21	1740.0	1675.0	1740.0	1670.0	104711.0
1418	2012.08.20	1610.0	1700.0	1700.0	1600.0	135330.0
1419	2012.08.17	1615.0	1610.0	1620.0	1590.0	58497.0
1420	2012.08.16	1600.0	1595.0	1605.0	1580.0	53120.0
1421	2012.08.14	1575.0	1580.0	1585.0	1560.0	27870.0
1422	2012.08.13	1600.0	1585.0	1600.0	1575.0	12460.0
1423	2012.08.10	1600.0	1600.0	1600.0	1570.0	17460.0
1424	2012.08.09	1595.0	1600.0	1610.0	1580.0	25643.0
1425	2012.08.08	1610.0	1600.0	1630.0	1595.0	28310.0
1426	2012.08.07	1600.0	1605.0	1615.0	1590.0	13750.0
1427	2012.08.06	1580.0	1600.0	1620.0	1580.0	20977.0
1428	2012.08.03	1605.0	1595.0	1620.0	1580.0	11160.0
1429	2012.08.02	1600.0	1610.0	1630.0	1600.0	48840.0
1430	2012.08.01	1610.0	1605.0	1615.0	1590.0	19510.0
1431	2012.07.31	1580.0	1610.0	1620.0	1570.0	44480.0
1432	2012.07.30	1550.0	1580.0	1600.0	1550.0	22001.0
1433	2012.07.27	1550.0	1550.0	1570.0	1540.0	19870.0
1434	2012.07.26	1580.0	1535.0	1600.0	1535.0	49292.0
1435	2012.07.25	1600.0	1570.0	1610.0	1550.0	44563.0
1436	2012.07.24	1590.0	1610.0	1660.0	1560.0	107550.0
1437	2012.07.23	1545.0	1590.0	1595.0	1525.0	72950.0
1438	2012.07.20	1545.0	1560.0	1560.0	1520.0	33840.0
1439	2012.07.19	1525.0	1545.0	1560.0	1520.0	80540.0
1440	2012.07.18	1520.0	1515.0	1555.0	1495.0	79780.0
1441	2012.07.17	1520.0	1530.0	1540.0	1480.0	137160.0
1442	2012.07.16	1555.0	1515.0	1575.0	1515.0	68044.0
1443	2012.07.13	1600.0	1555.0	1610.0	1470.0	81830.0
1444	2012.07.12	1640.0	1580.0	1640.0	1580.0	78952.0
1445	2012.07.11	1605.0	1630.0	1640.0	1605.0	72830.0
1446	2012.07.10	1680.0	1615.0	1680.0	1615.0	108060.0
1447	2012.07.09	1635.0	1660.0	1660.0	1620.0	104190.0
1448	2012.07.06	1665.0	1635.0	1665.0	1600.0	185338.0
1449	2012.07.05	1670.0	1660.0	1685.0	1650.0	109220.0
1450	2012.07.04	1655.0	1670.0	1675.0	1640.0	137920.0
1451	2012.07.03	1670.0	1645.0	1685.0	1640.0	258867.0
1452	2012.07.02	1700.0	1670.0	1730.0	1630.0	315660.0
1453	2012.06.29	1730.0	1690.0	1730.0	1650.0	213308.0
1454	2012.06.28	1690.0	1730.0	1870.0	1665.0	1090569.0
1455	2012.06.27	1645.0	1690.0	1725.0	1640.0	358092.0
1456	2012.06.26	1645.0	1635.0	1765.0	1600.0	533295.0
1457	2012.06.25	1670.0	1645.0	1685.0	1615.0	182663.0
1458	2012.06.22	1620.0	1680.0	1680.0	1610.0	213777.0
1459	2012.06.21	1670.0	1635.0	1685.0	1605.0	258158.0
1460	2012.06.20	1720.0	1675.0	1745.0	1645.0	266068.0
1461	2012.06.19	1665.0	1730.0	1805.0	1650.0	819111.0
1462	2012.06.18	1625.0	1650.0	1670.0	1590.0	326764.0
1463	2012.06.15	1780.0	1600.0	1810.0	1600.0	407085.0
1464	2012.06.14	1675.0	1740.0	1755.0	1640.0	855433.0
1465	2012.06.13	1830.0	1705.0	1885.0	1705.0	408287.0
1466	2012.06.12	1840.0	1815.0	1860.0	1740.0	643426.0
1467	2012.06.11	1770.0	1880.0	1880.0	1705.0	1251107.0
1468	2012.06.08	1525.0	1700.0	1700.0	1490.0	846720.0
1469	2012.06.07	1515.0	1480.0	1515.0	1455.0	69120.0
1470	2012.06.05	1415.0	1445.0	1445.0	1400.0	21770.0
1471	2012.06.04	1400.0	1405.0	1415.0	1350.0	40100.0
1472	2012.06.01	1390.0	1450.0	1495.0	1385.0	97330.0
1473	2012.05.31	1385.0	1385.0	1400.0	1375.0	33170.0
1474	2012.05.30	1390.0	1410.0	1410.0	1380.0	39970.0
1475	2012.05.29	1370.0	1390.0	1400.0	1370.0	59170.0
1476	2012.05.25	1410.0	1410.0	1415.0	1390.0	32820.0
1477	2012.05.24	1365.0	1400.0	1405.0	1365.0	30591.0
1478	2012.05.23	1395.0	1385.0	1415.0	1365.0	44685.0
1479	2012.05.22	1400.0	1405.0	1425.0	1370.0	68438.0
1480	2012.05.21	1370.0	1380.0	1470.0	1355.0	29758.0
1481	2012.05.18	1435.0	1400.0	1465.0	1350.0	77570.0
1482	2012.05.17	1440.0	1455.0	1500.0	1440.0	11990.0
1483	2012.05.16	1440.0	1480.0	1490.0	1440.0	13290.0
1484	2012.05.15	1525.0	1490.0	1525.0	1470.0	37030.0
1485	2012.05.14	1550.0	1540.0	1550.0	1465.0	21940.0
1486	2012.05.11	1550.0	1530.0	1600.0	1515.0	69515.0
1487	2012.05.10	1560.0	1550.0	1585.0	1520.0	27246.0
1488	2012.05.09	1550.0	1560.0	1580.0	1515.0	40365.0
1489	2012.05.08	1490.0	1550.0	1550.0	1465.0	107061.0
1490	2012.05.07	1430.0	1480.0	1480.0	1425.0	62670.0
1491	2012.05.04	1415.0	1470.0	1490.0	1395.0	138664.0
1492	2012.05.03	1430.0	1430.0	1440.0	1380.0	126252.0
1493	2012.05.02	1415.0	1435.0	1435.0	1395.0	54781.0
1494	2012.04.30	1440.0	1415.0	1480.0	1375.0	76240.0
1495	2012.04.27	1515.0	1435.0	1525.0	1285.0	145261.0
1496	2012.04.26	1600.0	1505.0	1625.0	1485.0	134861.0
1497	2012.04.25	1575.0	1600.0	1620.0	1530.0	129862.0
1498	2012.04.24	1555.0	1585.0	1650.0	1530.0	118380.0
1499	2012.04.23	1655.0	1555.0	1665.0	1555.0	93219.0
1500	2012.04.20	1560.0	1650.0	1735.0	1540.0	220516.0
1501	2012.04.19	1540.0	1550.0	1565.0	1505.0	49571.0
1502	2012.04.18	1505.0	1540.0	1575.0	1500.0	112708.0
1503	2012.04.17	1495.0	1485.0	1510.0	1475.0	96942.0
1504	2012.04.16	1480.0	1485.0	1500.0	1460.0	58993.0
1505	2012.04.13	1490.0	1485.0	1515.0	1470.0	109190.0
1506	2012.04.12	1450.0	1485.0	1490.0	1445.0	53533.0
1507	2012.04.10	1450.0	1460.0	1495.0	1445.0	129080.0
1508	2012.04.09	1535.0	1450.0	1535.0	1430.0	187505.0
1509	2012.04.06	1495.0	1510.0	1515.0	1460.0	89257.0
1510	2012.04.05	1530.0	1490.0	1530.0	1455.0	44606.0
1511	2012.04.04	1585.0	1530.0	1585.0	1505.0	88131.0
1512	2012.04.03	1660.0	1585.0	1670.0	1565.0	133764.0
1513	2012.04.02	1540.0	1630.0	1640.0	1520.0	438284.0
1514	2012.03.30	1500.0	1525.0	1525.0	1490.0	53344.0
1515	2012.03.29	1545.0	1525.0	1555.0	1510.0	72686.0
1516	2012.03.28	1515.0	1550.0	1600.0	1515.0	136290.0
1517	2012.03.27	1600.0	1560.0	1630.0	1540.0	150536.0
1518	2012.03.26	1680.0	1610.0	1680.0	1600.0	79450.0
1519	2012.03.23	1685.0	1680.0	1685.0	1635.0	78854.0
1520	2012.03.22	1700.0	1670.0	1720.0	1665.0	78557.0
1521	2012.03.21	1725.0	1690.0	1725.0	1680.0	59343.0
1522	2012.03.20	1745.0	1720.0	1795.0	1715.0	198200.0
1523	2012.03.19	1725.0	1725.0	1725.0	1685.0	125369.0
1524	2012.03.16	1755.0	1730.0	1780.0	1700.0	189572.0
1525	2012.03.15	1855.0	1755.0	1855.0	1730.0	164916.0
1526	2012.03.14	1885.0	1840.0	1915.0	1825.0	148748.0
1527	2012.03.13	1880.0	1885.0	1900.0	1845.0	95917.0
1528	2012.03.12	1985.0	1865.0	1990.0	1865.0	164452.0
1529	2012.03.09	1900.0	1935.0	1960.0	1855.0	315980.0
1530	2012.03.08	1915.0	1925.0	1950.0	1820.0	319359.0
1531	2012.03.07	1820.0	1870.0	1900.0	1820.0	120466.0
1532	2012.03.06	1985.0	1915.0	2000.0	1880.0	233559.0
1533	2012.03.05	2050.0	2010.0	2075.0	1950.0	241330.0
1534	2012.03.02	2000.0	2080.0	2140.0	1955.0	802282.0
1535	2012.02.29	2030.0	1965.0	2060.0	1950.0	526757.0
1536	2012.02.28	1900.0	1980.0	2040.0	1865.0	642392.0
1537	2012.02.27	1910.0	1870.0	1970.0	1845.0	395223.0
1538	2012.02.24	1810.0	1910.0	2075.0	1810.0	1319368.0
1539	2012.02.23	1935.0	1820.0	1935.0	1820.0	208490.0
1540	2012.02.22	1955.0	1940.0	1955.0	1880.0	201141.0
1541	2012.02.21	2095.0	1950.0	2095.0	1935.0	352992.0
1542	2012.02.20	2000.0	2065.0	2080.0	1960.0	507359.0
1543	2012.02.17	1920.0	1995.0	1995.0	1880.0	386701.0
1544	2012.02.16	1890.0	1915.0	2050.0	1860.0	608652.0
1545	2012.02.15	1940.0	1880.0	1940.0	1840.0	388231.0
1546	2012.02.14	1930.0	1910.0	1935.0	1850.0	412527.0
1547	2012.02.13	2060.0	1910.0	2100.0	1910.0	833531.0
1548	2012.02.10	2050.0	2085.0	2230.0	1950.0	1329781.0
1549	2012.02.09	1790.0	2085.0	2085.0	1775.0	1528161.0
1550	2012.02.08	1855.0	1815.0	1865.0	1780.0	309690.0
1551	2012.02.07	1800.0	1845.0	1845.0	1770.0	326864.0
1552	2012.02.06	1795.0	1795.0	1815.0	1740.0	331941.0
1553	2012.02.03	1780.0	1795.0	1795.0	1735.0	365733.0
1554	2012.02.02	1870.0	1785.0	1870.0	1745.0	393198.0
1555	2012.02.01	1840.0	1830.0	1870.0	1800.0	457866.0
1556	2012.01.31	1740.0	1840.0	1885.0	1690.0	914906.0
1557	2012.01.30	1765.0	1740.0	1765.0	1695.0	208510.0
1558	2012.01.27	1690.0	1730.0	1730.0	1665.0	140359.0
1559	2012.01.26	1645.0	1715.0	1760.0	1630.0	311468.0
1560	2012.01.25	1640.0	1630.0	1660.0	1580.0	156290.0
1561	2012.01.20	1690.0	1630.0	1690.0	1620.0	213465.0
1562	2012.01.19	1700.0	1670.0	1705.0	1630.0	251696.0
1563	2012.01.18	1700.0	1660.0	1750.0	1635.0	502233.0
1564	2012.01.17	1710.0	1670.0	1735.0	1660.0	163068.0
1565	2012.01.16	1755.0	1710.0	1755.0	1645.0	164735.0
1566	2012.01.13	1760.0	1755.0	1770.0	1710.0	197383.0
1567	2012.01.12	1860.0	1770.0	1860.0	1695.0	477689.0
1568	2012.01.11	1980.0	1860.0	2000.0	1800.0	577280.0
1569	2012.01.10	2040.0	2000.0	2040.0	1935.0	554473.0
1570	2012.01.09	1955.0	2000.0	2050.0	1925.0	555501.0
1571	2012.01.06	1970.0	2060.0	2125.0	1905.0	1678311.0
1572	2012.01.05	1660.0	1900.0	1900.0	1660.0	1085783.0
1573	2012.01.04	1620.0	1655.0	1655.0	1575.0	360569.0
1574	2012.01.03	1680.0	1610.0	1690.0	1555.0	370781.0
1575	2012.01.02	1680.0	1620.0	1700.0	1605.0	335489.0
1576	2011.12.29	1590.0	1700.0	1800.0	1590.0	773342.0
1577	2011.12.28	1680.0	1595.0	1690.0	1595.0	296546.0
1578	2011.12.27	1805.0	1695.0	1830.0	1645.0	657620.0
1579	2011.12.26	1900.0	1835.0	1940.0	1785.0	609173.0
1580	2011.12.23	1825.0	1850.0	1850.0	1720.0	745112.0
1581	2011.12.22	1750.0	1775.0	1860.0	1715.0	816634.0
1582	2011.12.21	1910.0	1760.0	2100.0	1760.0	2762482.0
1583	2011.12.20	1730.0	1840.0	1840.0	1685.0	646324.0
1584	2011.12.19	1755.0	1600.0	1775.0	1475.0	1349114.0
1585	2011.12.16	1690.0	1735.0	1840.0	1610.0	2376847.0
1586	2011.12.15	1855.0	1675.0	2200.0	1675.0	4610523.0
1587	2011.12.14	2070.0	1915.0	2090.0	1820.0	1916282.0
1588	2011.12.13	2190.0	2050.0	2290.0	1930.0	3859602.0
1589	2011.12.12	2500.0	2165.0	2500.0	2145.0	6005797.0
1590	2011.12.09	2520.0	2520.0	2520.0	2455.0	1807776.0
1591	2011.12.08	2195.0	2195.0	2195.0	2195.0	63381.0
1592	2011.12.07	1910.0	1910.0	1910.0	1860.0	445407.0
1593	2011.12.06	1665.0	1665.0	1665.0	1620.0	419682.0
1594	2011.12.05	1250.0	1450.0	1450.0	1250.0	647692.0
1595	2011.12.02	1210.0	1265.0	1275.0	1190.0	123229.0
1596	2011.12.01	1240.0	1220.0	1240.0	1200.0	44020.0
1597	2011.11.30	1250.0	1220.0	1250.0	1185.0	40370.0
1598	2011.11.29	1245.0	1220.0	1255.0	1190.0	96899.0
1599	2011.11.28	1185.0	1230.0	1250.0	1160.0	120355.0
1600	2011.11.25	1160.0	1165.0	1165.0	1140.0	35131.0
1601	2011.11.24	1110.0	1150.0	1180.0	1110.0	18060.0
1602	2011.11.23	1140.0	1140.0	1155.0	1100.0	25890.0
1603	2011.11.22	1135.0	1135.0	1145.0	1110.0	18720.0
1604	2011.11.21	1145.0	1135.0	1145.0	1120.0	8520.0
1605	2011.11.18	1140.0	1145.0	1145.0	1120.0	29031.0
1606	2011.11.17	1140.0	1145.0	1145.0	1125.0	17995.0
1607	2011.11.16	1130.0	1125.0	1180.0	1125.0	55915.0
1608	2011.11.15	1135.0	1140.0	1140.0	1125.0	44540.0
1609	2011.11.14	1180.0	1150.0	1180.0	1135.0	21100.0
1610	2011.11.11	1175.0	1160.0	1175.0	1125.0	28850.0
1611	2011.11.10	1170.0	1140.0	1175.0	1120.0	39680.0
1612	2011.11.09	1150.0	1175.0	1180.0	1130.0	39620.0
1613	2011.11.08	1175.0	1175.0	1195.0	1120.0	44100.0
1614	2011.11.07	1195.0	1190.0	1220.0	1190.0	33820.0
1615	2011.11.04	1205.0	1205.0	1250.0	1175.0	39573.0
1616	2011.11.03	1145.0	1205.0	1220.0	1125.0	175884.0
1617	2011.11.02	1120.0	1145.0	1145.0	1085.0	15160.0
1618	2011.11.01	1120.0	1130.0	1150.0	1120.0	20571.0
1619	2011.10.31	1135.0	1130.0	1140.0	1070.0	37506.0
1620	2011.10.28	1160.0	1140.0	1175.0	1125.0	31910.0
1621	2011.10.27	1155.0	1155.0	1185.0	1155.0	15301.0
1622	2011.10.26	1145.0	1145.0	1170.0	1140.0	19590.0
1623	2011.10.25	1195.0	1170.0	1195.0	1150.0	19581.0
1624	2011.10.24	1150.0	1190.0	1215.0	1150.0	48450.0
1625	2011.10.21	1130.0	1145.0	1165.0	1115.0	51320.0
1626	2011.10.20	1150.0	1140.0	1220.0	1135.0	48790.0
1627	2011.10.19	1230.0	1165.0	1300.0	1165.0	142413.0
1628	2011.10.18	1175.0	1205.0	1220.0	1175.0	56532.0
1629	2011.10.17	1130.0	1215.0	1220.0	1095.0	151163.0
1630	2011.10.14	1095.0	1130.0	1170.0	1070.0	53838.0
1631	2011.10.13	1080.0	1115.0	1195.0	1080.0	150258.0
1632	2011.10.12	1090.0	1080.0	1090.0	1060.0	5000.0
1633	2011.10.11	1070.0	1070.0	1085.0	1050.0	6420.0
1634	2011.10.10	1080.0	1070.0	1085.0	1070.0	10020.0
1635	2011.10.07	1060.0	1075.0	1075.0	1050.0	8680.0
1636	2011.10.06	1040.0	1060.0	1060.0	1040.0	106130.0
1637	2011.10.05	1070.0	1045.0	1070.0	1025.0	8830.0
1638	2011.10.04	1040.0	1045.0	1055.0	1025.0	10030.0
1639	2011.09.30	1045.0	1055.0	1080.0	1045.0	13051.0
1640	2011.09.29	1040.0	1070.0	1070.0	1030.0	13409.0
1641	2011.09.28	1045.0	1040.0	1050.0	1025.0	48311.0
1642	2011.09.27	1025.0	1045.0	1075.0	1025.0	11921.0
1643	2011.09.26	1025.0	1020.0	1070.0	1005.0	43700.0
1644	2011.09.23	1045.0	1025.0	1070.0	1025.0	77460.0
1645	2011.09.22	1050.0	1050.0	1070.0	1040.0	72860.0
1646	2011.09.21	1065.0	1070.0	1095.0	1060.0	12410.0
1647	2011.09.20	1080.0	1080.0	1090.0	1060.0	3071.0
1648	2011.09.19	1065.0	1080.0	1080.0	1065.0	20350.0
1649	2011.09.16	1070.0	1080.0	1095.0	1055.0	21700.0
1650	2011.09.15	1090.0	1065.0	1090.0	1065.0	13321.0
1651	2011.09.14	1130.0	1065.0	1130.0	1055.0	17270.0
1652	2011.09.09	1135.0	1130.0	1135.0	1080.0	32194.0
1653	2011.09.08	1095.0	1110.0	1115.0	1085.0	22238.0
1654	2011.09.07	1090.0	1090.0	1095.0	1075.0	10530.0
1655	2011.09.06	1060.0	1080.0	1090.0	1050.0	23050.0
1656	2011.09.05	1060.0	1080.0	1080.0	1055.0	25630.0
1657	2011.09.02	1070.0	1085.0	1130.0	1070.0	67530.0
1658	2011.09.01	1095.0	1070.0	1095.0	1070.0	34981.0
1659	2011.08.31	1090.0	1085.0	1090.0	1065.0	24610.0
1660	2011.08.30	1090.0	1085.0	1095.0	1075.0	13550.0
1661	2011.08.29	1100.0	1090.0	1115.0	1080.0	36401.0
1662	2011.08.26	1080.0	1100.0	1100.0	1080.0	2810.0
1663	2011.08.25	1085.0	1100.0	1130.0	1080.0	11370.0
1664	2011.08.24	1110.0	1090.0	1110.0	1055.0	22090.0
1665	2011.08.23	1095.0	1090.0	1100.0	1065.0	11980.0
1666	2011.08.22	1065.0	1070.0	1085.0	1060.0	9230.0
1667	2011.08.19	1090.0	1085.0	1115.0	1050.0	41383.0
1668	2011.08.18	1095.0	1090.0	1120.0	1090.0	22166.0
1669	2011.08.17	1070.0	1095.0	1110.0	1055.0	22749.0
1670	2011.08.16	1070.0	1060.0	1085.0	1055.0	13010.0
1671	2011.08.12	1035.0	1050.0	1065.0	1035.0	17218.0
1672	2011.08.11	999.0	1030.0	1035.0	990.0	39974.0
1673	2011.08.10	1020.0	1000.0	1020.0	970.0	103120.0
1674	2011.08.09	970.0	961.0	1025.0	900.0	74727.0
1675	2011.08.08	1050.0	1030.0	1055.0	940.0	120530.0
1676	2011.08.05	1085.0	1055.0	1085.0	1025.0	100060.0
1677	2011.08.04	1095.0	1090.0	1110.0	1090.0	42711.0
1678	2011.08.03	1105.0	1095.0	1130.0	1080.0	81416.0
1679	2011.08.02	1150.0	1125.0	1150.0	1105.0	60648.0
1680	2011.08.01	1160.0	1160.0	1175.0	1120.0	30700.0
1681	2011.07.29	1145.0	1160.0	1190.0	1140.0	25870.0
1682	2011.07.28	1120.0	1155.0	1170.0	1120.0	17170.0
1683	2011.07.27	1110.0	1135.0	1135.0	1110.0	9090.0
1684	2011.07.26	1190.0	1120.0	1190.0	1120.0	27425.0
1685	2011.07.25	1140.0	1140.0	1150.0	1130.0	4990.0
1686	2011.07.22	1130.0	1135.0	1140.0	1110.0	34752.0
1687	2011.07.21	1140.0	1130.0	1140.0	1120.0	15790.0
1688	2011.07.20	1155.0	1140.0	1160.0	1100.0	117810.0
1689	2011.07.19	1130.0	1140.0	1285.0	1125.0	298482.0
1690	2011.07.18	1090.0	1125.0	1130.0	1090.0	46110.0
1691	2011.07.15	1090.0	1090.0	1090.0	1070.0	6100.0
1692	2011.07.14	1065.0	1075.0	1085.0	1050.0	21160.0
1693	2011.07.13	1070.0	1070.0	1085.0	1055.0	9340.0
1694	2011.07.12	1085.0	1065.0	1085.0	1060.0	25831.0
1695	2011.07.11	1090.0	1080.0	1100.0	1080.0	19110.0
1696	2011.07.08	1100.0	1095.0	1105.0	1070.0	26300.0
1697	2011.07.07	1115.0	1095.0	1115.0	1090.0	12440.0
1698	2011.07.06	1130.0	1110.0	1130.0	1100.0	13917.0
1699	2011.07.05	1115.0	1125.0	1135.0	1105.0	49555.0
1700	2011.07.04	1095.0	1105.0	1120.0	1075.0	65450.0
1701	2011.07.01	1080.0	1075.0	1095.0	1070.0	28640.0
1702	2011.06.30	1060.0	1075.0	1090.0	1060.0	24500.0
1703	2011.06.29	1085.0	1075.0	1090.0	1060.0	42842.0
1704	2011.06.28	1070.0	1080.0	1090.0	1070.0	11362.0
1705	2011.06.27	1075.0	1075.0	1095.0	1055.0	9191.0
1706	2011.06.24	1075.0	1080.0	1100.0	1075.0	5920.0
1707	2011.06.23	1075.0	1080.0	1080.0	1060.0	43190.0
1708	2011.06.22	1105.0	1075.0	1105.0	1050.0	51990.0
1709	2011.06.21	1075.0	1090.0	1095.0	1070.0	46681.0
1710	2011.06.20	1090.0	1080.0	1090.0	1055.0	7312.0
1711	2011.06.17	1070.0	1090.0	1100.0	1065.0	10599.0
1712	2011.06.16	1050.0	1075.0	1075.0	1050.0	6350.0
1713	2011.06.15	1060.0	1075.0	1075.0	1045.0	24610.0
1714	2011.06.14	1030.0	1065.0	1070.0	1030.0	1070.0
1715	2011.06.13	1060.0	1060.0	1060.0	1045.0	6660.0
1716	2011.06.10	1060.0	1075.0	1075.0	1060.0	12410.0
1717	2011.06.09	1065.0	1055.0	1065.0	1045.0	1080.0
1718	2011.06.08	1050.0	1045.0	1065.0	1045.0	4007.0
1719	2011.06.07	1080.0	1035.0	1080.0	1035.0	15103.0
1720	2011.06.03	1060.0	1080.0	1080.0	1060.0	28578.0
1721	2011.06.02	1065.0	1080.0	1080.0	1060.0	25510.0
1722	2011.06.01	1080.0	1065.0	1085.0	1060.0	7690.0
1723	2011.05.31	1065.0	1080.0	1085.0	1055.0	45141.0
1724	2011.05.30	1045.0	1065.0	1070.0	1040.0	29990.0
1725	2011.05.27	1025.0	1060.0	1060.0	1010.0	50385.0
1726	2011.05.26	1035.0	1035.0	1040.0	1020.0	46980.0
1727	2011.05.25	1030.0	1035.0	1050.0	1030.0	12320.0
1728	2011.05.24	1035.0	1035.0	1050.0	1035.0	4290.0
1729	2011.05.23	1050.0	1025.0	1055.0	1015.0	50370.0
1730	2011.05.20	1045.0	1055.0	1060.0	1045.0	11631.0
1731	2011.05.19	1065.0	1045.0	1075.0	1045.0	35390.0
1732	2011.05.18	1070.0	1080.0	1095.0	1050.0	51920.0
1733	2011.05.17	1070.0	1080.0	1080.0	1065.0	18550.0
1734	2011.05.16	1080.0	1075.0	1080.0	1075.0	23900.0
1735	2011.05.13	1090.0	1080.0	1090.0	1070.0	31777.0
1736	2011.05.12	1075.0	1080.0	1085.0	1070.0	12050.0
1737	2011.05.11	1075.0	1070.0	1090.0	1070.0	25070.0
1738	2011.05.09	1075.0	1090.0	1090.0	1070.0	8565.0
1739	2011.05.06	1090.0	1085.0	1090.0	1070.0	28716.0
1740	2011.05.04	1080.0	1090.0	1095.0	1080.0	24680.0
1741	2011.05.03	1085.0	1090.0	1090.0	1075.0	6570.0
1742	2011.05.02	1095.0	1085.0	1095.0	1075.0	31520.0
1743	2011.04.29	1090.0	1085.0	1100.0	1075.0	7415.0
1744	2011.04.28	1100.0	1085.0	1100.0	1070.0	27220.0
1745	2011.04.27	1115.0	1090.0	1115.0	1085.0	27774.0
1746	2011.04.26	1075.0	1115.0	1130.0	1055.0	153829.0
1747	2011.04.25	1120.0	1080.0	1120.0	1075.0	51026.0
1748	2011.04.22	1100.0	1100.0	1110.0	1070.0	91810.0
1749	2011.04.21	1115.0	1100.0	1115.0	1085.0	56603.0
1750	2011.04.20	1110.0	1115.0	1130.0	1105.0	28039.0
1751	2011.04.19	1120.0	1115.0	1140.0	1100.0	64231.0
1752	2011.04.18	1145.0	1140.0	1150.0	1105.0	93101.0
1753	2011.04.15	1110.0	1150.0	1165.0	1100.0	148863.0
1754	2011.04.14	1130.0	1100.0	1140.0	1095.0	123970.0
1755	2011.04.13	1170.0	1130.0	1180.0	1095.0	219417.0
1756	2011.04.12	1080.0	1190.0	1240.0	1080.0	811054.0
1757	2011.04.11	1085.0	1080.0	1090.0	1070.0	23498.0
1758	2011.04.08	1095.0	1085.0	1095.0	1075.0	11510.0
1759	2011.04.07	1090.0	1095.0	1095.0	1070.0	37370.0
1760	2011.04.06	1110.0	1095.0	1130.0	1085.0	28160.0
1761	2011.04.05	1135.0	1100.0	1135.0	1075.0	11790.0
1762	2011.04.04	1105.0	1105.0	1105.0	1090.0	8690.0
1763	2011.04.01	1090.0	1105.0	1120.0	1085.0	2557.0
1764	2011.03.31	1085.0	1090.0	1105.0	1075.0	22410.0
1765	2011.03.30	1055.0	1075.0	1080.0	1055.0	17363.0
1766	2011.03.29	1065.0	1060.0	1075.0	1055.0	14930.0
1767	2011.03.28	1065.0	1070.0	1075.0	1060.0	6040.0
1768	2011.03.25	1065.0	1065.0	1065.0	1055.0	11820.0
1769	2011.03.24	1065.0	1065.0	1065.0	1055.0	8270.0
1770	2011.03.23	1065.0	1060.0	1070.0	1055.0	8870.0
1771	2011.03.22	1050.0	1065.0	1070.0	1050.0	4870.0
1772	2011.03.21	1050.0	1055.0	1065.0	1050.0	10840.0
1773	2011.03.18	1045.0	1040.0	1045.0	1035.0	7220.0
1774	2011.03.17	1030.0	1035.0	1045.0	1030.0	23121.0
1775	2011.03.16	1055.0	1050.0	1065.0	1045.0	18423.0
1776	2011.03.15	1080.0	1055.0	1080.0	1025.0	85331.0
1777	2011.03.14	1115.0	1070.0	1115.0	1040.0	73502.0
1778	2011.03.11	1160.0	1130.0	1175.0	1115.0	95294.0
1779	2011.03.10	1075.0	1120.0	1145.0	1065.0	129424.0
1780	2011.03.09	1075.0	1070.0	1090.0	1060.0	43093.0
1781	2011.03.08	1060.0	1065.0	1070.0	1045.0	17390.0
1782	2011.03.07	1055.0	1060.0	1065.0	1050.0	44970.0
1783	2011.03.04	1065.0	1060.0	1070.0	1040.0	66360.0
1784	2011.03.03	1025.0	1050.0	1070.0	1025.0	11140.0
1785	2011.03.02	1040.0	1050.0	1050.0	1030.0	15453.0
1786	2011.02.28	1050.0	1050.0	1055.0	1025.0	9360.0
1787	2011.02.25	1020.0	1055.0	1055.0	1020.0	3796.0
1788	2011.02.24	1055.0	1035.0	1070.0	1025.0	18230.0
1789	2011.02.23	1040.0	1065.0	1075.0	1035.0	38383.0
1790	2011.02.22	1075.0	1085.0	1090.0	1050.0	10617.0
1791	2011.02.21	1090.0	1090.0	1095.0	1075.0	7100.0
1792	2011.02.18	1090.0	1090.0	1095.0	1040.0	21680.0
1793	2011.02.17	1090.0	1075.0	1095.0	1075.0	44421.0
1794	2011.02.16	1090.0	1075.0	1090.0	1075.0	113161.0
1795	2011.02.15	1120.0	1090.0	1120.0	1065.0	19090.0
1796	2011.02.14	1075.0	1095.0	1095.0	1070.0	194940.0
1797	2011.02.11	1100.0	1075.0	1115.0	1075.0	96250.0
1798	2011.02.10	1100.0	1095.0	1100.0	1080.0	55940.0
1799	2011.02.09	1080.0	1095.0	1095.0	1080.0	76830.0
1800	2011.02.08	1060.0	1080.0	1090.0	1050.0	49710.0
1801	2011.02.07	1050.0	1075.0	1075.0	1045.0	114509.0
1802	2011.02.01	1045.0	1045.0	1070.0	1030.0	75032.0
1803	2011.01.31	1065.0	1050.0	1070.0	1035.0	86513.0
1804	2011.01.28	1075.0	1090.0	1095.0	1070.0	32240.0
1805	2011.01.27	1075.0	1080.0	1120.0	1075.0	72480.0
1806	2011.01.26	1095.0	1080.0	1100.0	1060.0	55180.0
1807	2011.01.25	1110.0	1090.0	1110.0	1060.0	93840.0
1808	2011.01.24	1070.0	1095.0	1105.0	1070.0	44791.0
1809	2011.01.21	1075.0	1080.0	1090.0	1070.0	97585.0
1810	2011.01.20	1050.0	1075.0	1080.0	1050.0	154250.0
1811	2011.01.19	1050.0	1050.0	1055.0	1030.0	70671.0
1812	2011.01.18	1050.0	1040.0	1055.0	1035.0	43263.0
1813	2011.01.17	1050.0	1050.0	1055.0	1030.0	57763.0
1814	2011.01.14	1020.0	1045.0	1050.0	1015.0	116051.0
1815	2011.01.13	1030.0	1030.0	1045.0	1025.0	37700.0
1816	2011.01.12	1040.0	1025.0	1055.0	1020.0	121430.0
1817	2011.01.11	1055.0	1050.0	1075.0	1035.0	62850.0
1818	2011.01.10	1070.0	1060.0	1085.0	1050.0	120888.0
1819	2011.01.07	1060.0	1070.0	1080.0	1050.0	83871.0
1820	2011.01.06	1090.0	1075.0	1100.0	1050.0	129702.0
1821	2011.01.05	1110.0	1090.0	1130.0	1085.0	98254.0
1822	2011.01.04	1115.0	1125.0	1125.0	1105.0	109920.0
1823	2011.01.03	1140.0	1115.0	1145.0	1110.0	200224.0
1824	2010.12.30	1180.0	1135.0	1185.0	1135.0	171719.0
1825	2010.12.29	1160.0	1190.0	1275.0	1160.0	282401.0
1826	2010.12.28	1280.0	1315.0	1325.0	1265.0	361502.0
1827	2010.12.27	1265.0	1280.0	1295.0	1255.0	95411.0
1828	2010.12.24	1315.0	1280.0	1315.0	1270.0	64459.0
1829	2010.12.23	1320.0	1300.0	1320.0	1275.0	123378.0
1830	2010.12.22	1245.0	1320.0	1320.0	1240.0	206450.0
1831	2010.12.21	1235.0	1250.0	1250.0	1225.0	55857.0
1832	2010.12.20	1240.0	1235.0	1240.0	1190.0	114041.0
1833	2010.12.17	1260.0	1245.0	1270.0	1240.0	73731.0
1834	2010.12.16	1205.0	1260.0	1265.0	1200.0	213921.0
1835	2010.12.15	1200.0	1200.0	1210.0	1185.0	97780.0
1836	2010.12.14	1185.0	1190.0	1190.0	1175.0	58275.0
1837	2010.12.13	1190.0	1185.0	1195.0	1170.0	100386.0
1838	2010.12.10	1180.0	1190.0	1195.0	1160.0	94374.0
1839	2010.12.09	1175.0	1165.0	1185.0	1145.0	68742.0
1840	2010.12.08	1180.0	1175.0	1200.0	1150.0	104120.0
1841	2010.12.07	1210.0	1190.0	1210.0	1165.0	91806.0
1842	2010.12.06	1230.0	1200.0	1230.0	1190.0	59415.0
1843	2010.12.03	1205.0	1215.0	1225.0	1200.0	123449.0
1844	2010.12.02	1185.0	1195.0	1200.0	1180.0	30533.0
1845	2010.12.01	1170.0	1180.0	1190.0	1170.0	20294.0
1846	2010.11.30	1175.0	1170.0	1180.0	1140.0	63240.0
1847	2010.11.29	1165.0	1150.0	1200.0	1150.0	69880.0
1848	2010.11.26	1185.0	1160.0	1200.0	1155.0	163463.0
1849	2010.11.25	1260.0	1200.0	1260.0	1180.0	107636.0
1850	2010.11.24	1105.0	1215.0	1235.0	1100.0	172442.0
1851	2010.11.23	1255.0	1265.0	1270.0	1245.0	25405.0
1852	2010.11.22	1265.0	1270.0	1290.0	1260.0	48050.0
1853	2010.11.19	1225.0	1260.0	1285.0	1210.0	124771.0
1854	2010.11.18	1200.0	1210.0	1225.0	1195.0	45841.0
1855	2010.11.17	1185.0	1200.0	1215.0	1160.0	59601.0
1856	2010.11.16	1245.0	1205.0	1245.0	1195.0	97820.0
1857	2010.11.15	1270.0	1205.0	1275.0	1200.0	214676.0
1858	2010.11.12	1335.0	1270.0	1345.0	1250.0	249953.0
1859	2010.11.11	1300.0	1320.0	1370.0	1280.0	236138.0
1860	2010.11.10	1310.0	1305.0	1350.0	1300.0	140531.0
1861	2010.11.09	1280.0	1345.0	1345.0	1280.0	341286.0
1862	2010.11.08	1310.0	1280.0	1315.0	1265.0	189805.0
1863	2010.11.05	1370.0	1310.0	1375.0	1280.0	223921.0
1864	2010.11.04	1275.0	1345.0	1355.0	1255.0	287351.0
1865	2010.11.03	1285.0	1295.0	1320.0	1270.0	145181.0
1866	2010.11.02	1340.0	1285.0	1340.0	1250.0	238193.0
1867	2010.11.01	1240.0	1350.0	1365.0	1215.0	649677.0
1868	2010.10.29	1190.0	1200.0	1220.0	1140.0	260710.0
1869	2010.10.28	1165.0	1180.0	1200.0	1160.0	148370.0
1870	2010.10.27	1200.0	1165.0	1205.0	1150.0	286457.0
1871	2010.10.26	1245.0	1195.0	1245.0	1190.0	213703.0
1872	2010.10.25	1180.0	1220.0	1230.0	1140.0	305775.0
1873	2010.10.22	1245.0	1160.0	1245.0	1150.0	408675.0
1874	2010.10.21	1175.0	1200.0	1260.0	1130.0	953180.0
1875	2010.10.20	1035.0	1150.0	1160.0	1035.0	1209372.0
1876	2010.10.19	1030.0	1020.0	1040.0	1000.0	132384.0
1877	2010.10.18	1030.0	1040.0	1065.0	1025.0	118111.0
1878	2010.10.15	1010.0	1030.0	1060.0	1005.0	174027.0
1879	2010.10.14	998.0	1015.0	1030.0	990.0	81183.0
1880	2010.10.13	990.0	998.0	999.0	990.0	41340.0
1881	2010.10.12	1000.0	990.0	1000.0	985.0	100016.0
1882	2010.10.11	996.0	1000.0	1000.0	996.0	30120.0
1883	2010.10.08	1010.0	1000.0	1010.0	999.0	35960.0
1884	2010.10.07	1010.0	1005.0	1010.0	998.0	19470.0
1885	2010.10.06	1000.0	1005.0	1010.0	993.0	92345.0
1886	2010.10.05	996.0	998.0	1005.0	993.0	48260.0
1887	2010.10.04	996.0	1000.0	1010.0	996.0	64710.0
1888	2010.10.01	995.0	1005.0	1010.0	995.0	38190.0
1889	2010.09.30	995.0	995.0	1000.0	980.0	115550.0
1890	2010.09.29	1005.0	1000.0	1005.0	980.0	68810.0
1891	2010.09.28	1005.0	1005.0	1005.0	995.0	69131.0
1892	2010.09.27	1005.0	1005.0	1020.0	995.0	40811.0
1893	2010.09.24	1010.0	1000.0	1015.0	990.0	38484.0
1894	2010.09.20	1005.0	1005.0	1010.0	1000.0	23030.0
1895	2010.09.17	1005.0	1005.0	1015.0	995.0	37415.0
1896	2010.09.16	985.0	1020.0	1030.0	975.0	165823.0
1897	2010.09.15	970.0	980.0	990.0	955.0	86654.0
1898	2010.09.14	990.0	960.0	990.0	955.0	139479.0
1899	2010.09.13	985.0	985.0	985.0	975.0	84761.0
1900	2010.09.10	990.0	980.0	1000.0	970.0	108726.0
1901	2010.09.09	1030.0	985.0	1030.0	975.0	199036.0
1902	2010.09.08	1045.0	1010.0	1045.0	1000.0	277565.0
1903	2010.09.07	1090.0	1050.0	1100.0	1045.0	136787.0
1904	2010.09.06	1070.0	1075.0	1115.0	1050.0	334610.0
1905	2010.09.03	1040.0	1060.0	1060.0	1030.0	132710.0
1906	2010.09.02	1075.0	1040.0	1095.0	1040.0	160740.0
1907	2010.09.01	1075.0	1075.0	1130.0	1075.0	197120.0
1908	2010.08.31	1090.0	1060.0	1090.0	1035.0	131880.0
1909	2010.08.30	1100.0	1075.0	1105.0	1070.0	182370.0
1910	2010.08.27	1020.0	1070.0	1100.0	1020.0	192432.0
1911	2010.08.26	1070.0	1050.0	1080.0	1005.0	291834.0
1912	2010.08.25	1110.0	1040.0	1125.0	1030.0	292383.0
1913	2010.08.24	1090.0	1115.0	1140.0	1090.0	186225.0
1914	2010.08.23	1095.0	1110.0	1145.0	1080.0	314864.0
1915	2010.08.20	1085.0	1075.0	1125.0	1030.0	250481.0
1916	2010.08.19	1000.0	1095.0	1150.0	995.0	872441.0
1917	2010.08.18	1015.0	1000.0	1060.0	995.0	280497.0
1918	2010.08.17	955.0	1005.0	1015.0	955.0	449601.0
1919	2010.08.16	940.0	955.0	960.0	930.0	147078.0
1920	2010.08.13	965.0	945.0	970.0	930.0	178574.0
1921	2010.08.12	915.0	960.0	995.0	910.0	1017211.0
1922	2010.08.11	915.0	925.0	945.0	915.0	93344.0
1923	2010.08.10	930.0	925.0	940.0	920.0	80679.0
1924	2010.08.09	935.0	940.0	950.0	930.0	84567.0
1925	2010.08.06	910.0	930.0	960.0	895.0	274709.0
1926	2010.08.05	915.0	910.0	920.0	905.0	56630.0
1927	2010.08.04	915.0	915.0	915.0	900.0	71553.0
1928	2010.08.03	910.0	910.0	940.0	905.0	173540.0
1929	2010.08.02	930.0	920.0	960.0	910.0	177162.0
1930	2010.07.30	895.0	925.0	945.0	875.0	959870.0
1931	2010.07.29	925.0	895.0	925.0	890.0	89613.0
1932	2010.07.28	900.0	920.0	920.0	895.0	148536.0
1933	2010.07.27	880.0	915.0	950.0	875.0	691475.0
1934	2010.07.26	890.0	880.0	895.0	870.0	70217.0
1935	2010.07.23	885.0	885.0	895.0	875.0	121653.0
1936	2010.07.22	870.0	880.0	965.0	865.0	763718.0
1937	2010.07.21	870.0	865.0	875.0	860.0	44430.0
1938	2010.07.20	875.0	865.0	880.0	865.0	73398.0
1939	2010.07.19	885.0	865.0	885.0	860.0	51460.0
1940	2010.07.16	895.0	885.0	905.0	875.0	129464.0
1941	2010.07.15	870.0	890.0	915.0	855.0	338451.0
1942	2010.07.14	860.0	860.0	870.0	850.0	192150.0
1943	2010.07.13	860.0	855.0	860.0	850.0	92800.0
1944	2010.07.12	860.0	855.0	865.0	850.0	53571.0
1945	2010.07.09	850.0	855.0	865.0	845.0	58130.0
1946	2010.07.08	860.0	855.0	865.0	850.0	49140.0
1947	2010.07.07	845.0	850.0	850.0	835.0	49890.0
1948	2010.07.06	855.0	845.0	860.0	835.0	92389.0
1949	2010.07.05	865.0	855.0	870.0	850.0	81330.0
1950	2010.07.02	845.0	865.0	950.0	840.0	691322.0
1951	2010.07.01	870.0	845.0	870.0	830.0	126290.0
1952	2010.06.30	875.0	870.0	875.0	850.0	93580.0
1953	2010.06.29	895.0	885.0	895.0	880.0	60700.0
1954	2010.06.28	880.0	890.0	895.0	875.0	71500.0
1955	2010.06.25	880.0	885.0	895.0	870.0	53300.0
1956	2010.06.24	895.0	890.0	895.0	880.0	47646.0
1957	2010.06.23	885.0	890.0	895.0	880.0	54060.0
1958	2010.06.22	895.0	895.0	900.0	870.0	84587.0
1959	2010.06.21	890.0	895.0	900.0	885.0	92057.0
1960	2010.06.18	890.0	890.0	895.0	880.0	44841.0
1961	2010.06.17	890.0	890.0	900.0	880.0	78342.0
1962	2010.06.16	890.0	890.0	895.0	885.0	73420.0
1963	2010.06.15	895.0	885.0	895.0	885.0	37750.0
1964	2010.06.14	875.0	895.0	910.0	875.0	108600.0
1965	2010.06.11	890.0	885.0	900.0	875.0	114980.0
1966	2010.06.10	870.0	890.0	900.0	865.0	75390.0
1967	2010.06.09	860.0	865.0	875.0	860.0	54652.0
1968	2010.06.08	860.0	865.0	870.0	850.0	45642.0
1969	2010.06.07	860.0	850.0	875.0	830.0	99110.0
1970	2010.06.04	895.0	895.0	895.0	875.0	64610.0
1971	2010.06.03	875.0	885.0	890.0	870.0	102390.0
1972	2010.06.01	865.0	875.0	875.0	850.0	76855.0
1973	2010.05.31	835.0	860.0	865.0	835.0	61610.0
1974	2010.05.28	855.0	845.0	875.0	845.0	151475.0
1975	2010.05.27	845.0	845.0	860.0	830.0	110470.0
1976	2010.05.26	810.0	845.0	845.0	805.0	72345.0
1977	2010.05.25	875.0	810.0	875.0	780.0	231921.0
1978	2010.05.24	890.0	865.0	890.0	860.0	85875.0
1979	2010.05.20	960.0	900.0	960.0	870.0	193870.0
1980	2010.05.19	965.0	945.0	965.0	920.0	263724.0
1981	2010.05.18	980.0	970.0	985.0	965.0	166499.0
1982	2010.05.17	1000.0	985.0	1030.0	975.0	377258.0
1983	2010.05.14	1005.0	1010.0	1085.0	1005.0	268064.0
1984	2010.05.13	1040.0	1005.0	1040.0	995.0	259534.0
1985	2010.05.12	1055.0	1020.0	1065.0	1000.0	296055.0
1986	2010.05.11	1080.0	1050.0	1120.0	1050.0	192812.0
1987	2010.05.10	1060.0	1070.0	1095.0	1020.0	195443.0
1988	2010.05.07	1090.0	1060.0	1105.0	980.0	292410.0
1989	2010.05.06	1100.0	1130.0	1150.0	1080.0	320686.0
1990	2010.05.04	1090.0	1110.0	1110.0	1070.0	111726.0
1991	2010.05.03	1090.0	1070.0	1110.0	1065.0	104318.0
1992	2010.04.30	1105.0	1090.0	1120.0	1075.0	185961.0
1993	2010.04.29	1135.0	1095.0	1135.0	1095.0	167690.0
1994	2010.04.28	1090.0	1115.0	1150.0	1080.0	287851.0
1995	2010.04.27	1130.0	1130.0	1145.0	1100.0	201421.0
1996	2010.04.26	1135.0	1130.0	1160.0	1110.0	269035.0
1997	2010.04.23	1140.0	1135.0	1205.0	1130.0	775881.0
1998	2010.04.22	1150.0	1120.0	1150.0	1100.0	375560.0
1999	2010.04.21	1160.0	1140.0	1180.0	1115.0	702947.0
2000	2010.04.20	1050.0	1135.0	1195.0	1035.0	1708872.0
2001	2010.04.19	1050.0	1045.0	1050.0	1000.0	277251.0
2002	2010.04.16	1065.0	1050.0	1075.0	1025.0	285372.0
2003	2010.04.15	1045.0	1065.0	1065.0	1025.0	278410.0
2004	2010.04.14	1025.0	1040.0	1040.0	1000.0	250880.0
2005	2010.04.13	1060.0	1035.0	1060.0	1020.0	176280.0
2006	2010.04.12	1045.0	1055.0	1070.0	1030.0	277291.0
2007	2010.04.09	1000.0	1045.0	1060.0	1000.0	619949.0
2008	2010.04.08	990.0	990.0	995.0	970.0	144729.0
2009	2010.04.07	945.0	990.0	995.0	940.0	466601.0
2010	2010.04.06	935.0	945.0	965.0	930.0	196342.0
2011	2010.04.05	970.0	930.0	970.0	915.0	300628.0
2012	2010.04.02	970.0	960.0	985.0	960.0	124840.0
2013	2010.04.01	975.0	965.0	995.0	960.0	138974.0
2014	2010.03.31	1000.0	985.0	1000.0	955.0	217530.0
2015	2010.03.30	995.0	1000.0	1000.0	970.0	229438.0
2016	2010.03.29	1005.0	980.0	1010.0	970.0	231172.0
2017	2010.03.26	1030.0	1010.0	1030.0	1000.0	343074.0
2018	2010.03.25	1035.0	1015.0	1035.0	985.0	354320.0
2019	2010.03.24	1105.0	1035.0	1115.0	1030.0	695225.0
2020	2010.03.23	1120.0	1095.0	1120.0	1080.0	399024.0
2021	2010.03.22	1075.0	1120.0	1140.0	1075.0	781263.0
2022	2010.03.19	1060.0	1065.0	1095.0	1060.0	355328.0
2023	2010.03.18	1100.0	1065.0	1105.0	1050.0	431910.0
2024	2010.03.17	1110.0	1090.0	1130.0	1070.0	501801.0
2025	2010.03.16	1075.0	1110.0	1110.0	1040.0	718215.0
2026	2010.03.15	1095.0	1070.0	1100.0	1040.0	463443.0
2027	2010.03.12	1135.0	1080.0	1155.0	1060.0	823431.0
2028	2010.03.11	1170.0	1115.0	1170.0	1115.0	668480.0
2029	2010.03.10	1150.0	1175.0	1200.0	1105.0	1298860.0
2030	2010.03.09	1230.0	1170.0	1240.0	1150.0	1231152.0
2031	2010.03.08	1260.0	1225.0	1295.0	1200.0	1747312.0
2032	2010.03.05	1155.0	1200.0	1330.0	1150.0	4086833.0
2033	2010.03.04	1055.0	1190.0	1190.0	1010.0	3527158.0
2034	2010.03.03	1065.0	1035.0	1105.0	980.0	2410943.0
2035	2010.03.02	1035.0	1065.0	1065.0	1015.0	530512.0
2036	2010.02.26	825.0	930.0	930.0	815.0	1505622.0
2037	2010.02.25	770.0	810.0	835.0	770.0	181560.0
2038	2010.02.24	785.0	770.0	790.0	765.0	45381.0
2039	2010.02.23	765.0	790.0	795.0	760.0	116187.0
2040	2010.02.22	750.0	765.0	765.0	745.0	28151.0
2041	2010.02.19	760.0	765.0	765.0	745.0	20600.0
2042	2010.02.18	765.0	760.0	765.0	740.0	27130.0
2043	2010.02.17	765.0	765.0	770.0	755.0	13921.0
2044	2010.02.16	760.0	765.0	770.0	750.0	19520.0
2045	2010.02.12	765.0	765.0	770.0	755.0	24026.0
2046	2010.02.11	760.0	765.0	765.0	755.0	25459.0
2047	2010.02.10	765.0	760.0	765.0	750.0	15659.0
2048	2010.02.09	755.0	760.0	765.0	740.0	31260.0
2049	2010.02.08	750.0	755.0	760.0	740.0	41624.0
2050	2010.02.05	750.0	755.0	755.0	740.0	13440.0
2051	2010.02.04	770.0	770.0	770.0	740.0	11420.0
2052	2010.02.03	745.0	765.0	765.0	745.0	19900.0
2053	2010.02.02	770.0	765.0	770.0	725.0	81950.0
2054	2010.02.01	770.0	765.0	775.0	755.0	27812.0
2055	2010.01.29	750.0	755.0	795.0	725.0	60740.0
2056	2010.01.28	740.0	750.0	750.0	735.0	2610.0
2057	2010.01.27	755.0	740.0	755.0	725.0	35970.0
2058	2010.01.26	750.0	745.0	760.0	740.0	22050.0
2059	2010.01.25	755.0	750.0	760.0	750.0	45850.0
2060	2010.01.22	760.0	765.0	770.0	755.0	35210.0
2061	2010.01.21	770.0	765.0	770.0	755.0	27910.0
2062	2010.01.20	765.0	765.0	765.0	760.0	15950.0
2063	2010.01.19	770.0	760.0	770.0	755.0	18188.0
2064	2010.01.18	755.0	770.0	770.0	750.0	35990.0
2065	2010.01.15	770.0	765.0	770.0	755.0	15210.0
2066	2010.01.14	770.0	760.0	770.0	760.0	28091.0
2067	2010.01.13	755.0	770.0	770.0	755.0	31530.0
2068	2010.01.12	770.0	775.0	775.0	760.0	28190.0
2069	2010.01.11	780.0	760.0	780.0	755.0	25006.0
2070	2010.01.08	770.0	770.0	780.0	755.0	35980.0
2071	2010.01.07	795.0	765.0	795.0	765.0	87088.0
2072	2010.01.06	790.0	790.0	795.0	770.0	21160.0
2073	2010.01.05	800.0	790.0	820.0	775.0	63520.0
2074	2010.01.04	785.0	795.0	795.0	760.0	34060.0
2075	2009.12.30	795.0	780.0	795.0	775.0	22500.0
2076	2009.12.29	790.0	790.0	800.0	775.0	43650.0
2077	2009.12.28	815.0	805.0	835.0	805.0	147830.0
2078	2009.12.24	810.0	795.0	820.0	790.0	47692.0
2079	2009.12.23	810.0	815.0	815.0	800.0	10640.0
2080	2009.12.22	830.0	825.0	830.0	805.0	32030.0
2081	2009.12.21	815.0	825.0	830.0	810.0	42543.0
2082	2009.12.18	810.0	815.0	825.0	805.0	23744.0
2083	2009.12.17	830.0	825.0	830.0	815.0	13847.0
2084	2009.12.16	820.0	825.0	825.0	805.0	69786.0
2085	2009.12.15	815.0	805.0	825.0	800.0	37218.0
2086	2009.12.14	815.0	810.0	815.0	795.0	9438.0
2087	2009.12.11	790.0	800.0	800.0	770.0	27142.0
2088	2009.12.10	790.0	780.0	795.0	770.0	27370.0
2089	2009.12.09	785.0	790.0	805.0	780.0	23919.0
2090	2009.12.08	810.0	805.0	825.0	780.0	56241.0
2091	2009.12.07	770.0	810.0	820.0	765.0	130219.0
2092	2009.12.04	755.0	765.0	770.0	755.0	20976.0
2093	2009.12.03	750.0	760.0	760.0	745.0	35730.0
2094	2009.12.02	745.0	750.0	750.0	730.0	63977.0
2095	2009.12.01	740.0	745.0	760.0	735.0	48115.0
2096	2009.11.30	765.0	755.0	765.0	745.0	15260.0
2097	2009.11.27	775.0	755.0	775.0	745.0	16593.0
2098	2009.11.26	780.0	775.0	780.0	755.0	13930.0
2099	2009.11.25	790.0	780.0	790.0	765.0	7354.0
2100	2009.11.24	770.0	780.0	795.0	760.0	6070.0
2101	2009.11.23	765.0	770.0	800.0	755.0	44943.0
2102	2009.11.20	785.0	765.0	790.0	745.0	86783.0
2103	2009.11.19	810.0	780.0	815.0	765.0	23750.0
2104	2009.11.18	790.0	785.0	790.0	750.0	16730.0
2105	2009.11.17	785.0	795.0	800.0	745.0	19750.0
2106	2009.11.16	780.0	795.0	820.0	775.0	39440.0
2107	2009.11.13	760.0	785.0	800.0	755.0	128371.0
2108	2009.11.12	745.0	755.0	760.0	740.0	11450.0
2109	2009.11.11	755.0	750.0	820.0	740.0	36630.0
2110	2009.11.10	745.0	750.0	755.0	745.0	17310.0
2111	2009.11.09	750.0	745.0	755.0	740.0	14790.0
2112	2009.11.06	765.0	740.0	765.0	730.0	16890.0
2113	2009.11.05	745.0	735.0	745.0	730.0	10080.0
2114	2009.11.04	730.0	735.0	750.0	730.0	26600.0
2115	2009.11.03	720.0	730.0	735.0	715.0	22690.0
2116	2009.11.02	705.0	715.0	730.0	700.0	23170.0
2117	2009.10.30	735.0	730.0	745.0	730.0	15300.0
2118	2009.10.29	745.0	730.0	765.0	725.0	112844.0
2119	2009.10.28	745.0	750.0	760.0	740.0	54260.0
2120	2009.10.27	770.0	755.0	770.0	740.0	45799.0
2121	2009.10.26	780.0	770.0	780.0	750.0	23314.0
2122	2009.10.23	785.0	780.0	785.0	770.0	38750.0
2123	2009.10.22	775.0	775.0	795.0	755.0	82130.0
2124	2009.10.21	805.0	790.0	805.0	770.0	63840.0
2125	2009.10.20	800.0	795.0	800.0	780.0	39530.0
2126	2009.10.19	790.0	790.0	800.0	785.0	4640.0
2127	2009.10.16	795.0	790.0	795.0	775.0	32290.0
2128	2009.10.15	815.0	780.0	815.0	730.0	97265.0
2129	2009.10.14	820.0	805.0	820.0	795.0	25870.0
2130	2009.10.13	820.0	815.0	820.0	800.0	10660.0
2131	2009.10.12	825.0	805.0	825.0	800.0	16341.0
2132	2009.10.09	800.0	810.0	815.0	795.0	37770.0
2133	2009.10.08	815.0	800.0	815.0	795.0	12030.0
2134	2009.10.07	800.0	800.0	805.0	790.0	7350.0
2135	2009.10.06	795.0	800.0	810.0	755.0	73360.0
2136	2009.10.05	805.0	790.0	805.0	790.0	8650.0
2137	2009.10.01	825.0	795.0	825.0	780.0	65696.0
2138	2009.09.30	825.0	830.0	840.0	820.0	21990.0
2139	2009.09.29	845.0	840.0	845.0	825.0	17600.0
2140	2009.09.28	835.0	845.0	845.0	825.0	43663.0
2141	2009.09.25	830.0	840.0	840.0	820.0	35837.0
2142	2009.09.24	840.0	845.0	860.0	830.0	59550.0
2143	2009.09.23	860.0	855.0	870.0	850.0	60640.0
2144	2009.09.22	845.0	855.0	865.0	835.0	94750.0
2145	2009.09.21	855.0	840.0	855.0	840.0	66946.0
2146	2009.09.18	865.0	850.0	865.0	845.0	45580.0
2147	2009.09.17	865.0	865.0	880.0	845.0	84537.0
2148	2009.09.16	880.0	865.0	900.0	860.0	119836.0
2149	2009.09.15	855.0	885.0	895.0	850.0	106881.0
2150	2009.09.14	890.0	860.0	910.0	855.0	400679.0
2151	2009.09.11	845.0	880.0	895.0	835.0	316230.0
2152	2009.09.10	850.0	845.0	850.0	825.0	150650.0
2153	2009.09.09	850.0	845.0	855.0	825.0	117706.0
2154	2009.09.08	855.0	850.0	860.0	830.0	110400.0
2155	2009.09.07	860.0	845.0	860.0	820.0	153781.0
2156	2009.09.04	845.0	840.0	855.0	825.0	48890.0
2157	2009.09.03	840.0	850.0	860.0	830.0	105680.0
2158	2009.09.02	860.0	850.0	860.0	835.0	75800.0
2159	2009.09.01	860.0	860.0	890.0	855.0	332110.0
2160	2009.08.31	840.0	855.0	865.0	830.0	101290.0
2161	2009.08.28	835.0	850.0	860.0	830.0	69260.0
2162	2009.08.27	820.0	830.0	840.0	820.0	59600.0
2163	2009.08.26	825.0	820.0	840.0	810.0	61580.0
2164	2009.08.25	820.0	825.0	825.0	810.0	54353.0
2165	2009.08.24	830.0	825.0	840.0	760.0	75980.0
2166	2009.08.21	860.0	835.0	860.0	835.0	57140.0
2167	2009.08.20	840.0	850.0	870.0	830.0	124651.0
2168	2009.08.19	815.0	840.0	880.0	815.0	317822.0
2169	2009.08.18	805.0	825.0	835.0	805.0	65480.0
2170	2009.08.17	860.0	820.0	860.0	820.0	112474.0
2171	2009.08.14	860.0	850.0	860.0	840.0	69286.0
2172	2009.08.13	860.0	860.0	870.0	840.0	168798.0
2173	2009.08.12	860.0	860.0	900.0	850.0	664644.0
2174	2009.08.11	850.0	850.0	860.0	840.0	110204.0
2175	2009.08.10	850.0	850.0	855.0	835.0	75990.0
2176	2009.08.07	845.0	835.0	855.0	830.0	88662.0
2177	2009.08.06	840.0	835.0	865.0	835.0	63816.0
2178	2009.08.05	840.0	835.0	865.0	835.0	129092.0
2179	2009.08.04	825.0	825.0	870.0	815.0	151403.0
2180	2009.08.03	825.0	830.0	830.0	805.0	87828.0
2181	2009.07.31	825.0	825.0	830.0	810.0	49930.0
2182	2009.07.30	810.0	825.0	860.0	810.0	160427.0
2183	2009.07.29	830.0	820.0	835.0	800.0	55570.0
2184	2009.07.28	855.0	830.0	865.0	820.0	39828.0
2185	2009.07.27	850.0	855.0	855.0	835.0	116430.0
2186	2009.07.24	850.0	845.0	860.0	825.0	93510.0
2187	2009.07.23	810.0	840.0	850.0	805.0	166201.0
2188	2009.07.22	825.0	810.0	825.0	805.0	62556.0
2189	2009.07.21	815.0	820.0	835.0	810.0	96684.0
2190	2009.07.20	800.0	810.0	820.0	780.0	99535.0
2191	2009.07.17	770.0	800.0	830.0	770.0	218860.0
2192	2009.07.16	770.0	770.0	785.0	770.0	56971.0
2193	2009.07.15	790.0	785.0	790.0	775.0	15580.0
2194	2009.07.14	785.0	790.0	790.0	760.0	19630.0
2195	2009.07.13	810.0	785.0	810.0	770.0	14431.0
2196	2009.07.10	855.0	805.0	855.0	770.0	87951.0
2197	2009.07.09	775.0	770.0	775.0	760.0	28652.0
2198	2009.07.08	790.0	775.0	795.0	765.0	46604.0
2199	2009.07.07	780.0	790.0	790.0	775.0	34644.0
2200	2009.07.06	820.0	785.0	820.0	785.0	25550.0
2201	2009.07.03	765.0	790.0	810.0	765.0	29483.0
2202	2009.07.02	770.0	775.0	780.0	770.0	54096.0
2203	2009.07.01	775.0	770.0	775.0	760.0	48891.0
2204	2009.06.30	780.0	770.0	780.0	755.0	33640.0
2205	2009.06.29	765.0	775.0	780.0	760.0	23870.0
2206	2009.06.26	780.0	770.0	795.0	765.0	132698.0
2207	2009.06.25	775.0	780.0	780.0	760.0	36873.0
2208	2009.06.24	765.0	765.0	775.0	750.0	64211.0
2209	2009.06.23	775.0	765.0	785.0	765.0	73968.0
2210	2009.06.22	800.0	800.0	805.0	790.0	32430.0
2211	2009.06.19	800.0	800.0	815.0	800.0	69990.0
2212	2009.06.18	825.0	815.0	825.0	800.0	131120.0
2213	2009.06.17	805.0	815.0	835.0	805.0	64860.0
2214	2009.06.16	810.0	810.0	835.0	810.0	31804.0
2215	2009.06.15	825.0	825.0	830.0	815.0	22089.0
2216	2009.06.12	820.0	825.0	840.0	815.0	46347.0
2217	2009.06.11	810.0	820.0	830.0	810.0	135409.0
2218	2009.06.10	810.0	805.0	830.0	795.0	312990.0
2219	2009.06.09	825.0	805.0	830.0	805.0	120904.0
2220	2009.06.08	840.0	825.0	840.0	820.0	69107.0
2221	2009.06.05	835.0	830.0	845.0	810.0	75982.0
2222	2009.06.04	840.0	835.0	855.0	820.0	108333.0
2223	2009.06.03	850.0	835.0	870.0	835.0	70283.0
2224	2009.06.02	855.0	850.0	865.0	845.0	77336.0
2225	2009.06.01	855.0	850.0	855.0	830.0	126484.0
2226	2009.05.29	865.0	850.0	875.0	850.0	31933.0
2227	2009.05.28	860.0	865.0	865.0	820.0	79082.0
2228	2009.05.27	890.0	865.0	905.0	860.0	91567.0
2229	2009.05.26	855.0	875.0	915.0	850.0	147056.0
2230	2009.05.25	870.0	880.0	900.0	820.0	157622.0
2231	2009.05.22	910.0	895.0	915.0	895.0	100640.0
2232	2009.05.21	925.0	915.0	935.0	905.0	101260.0
2233	2009.05.20	930.0	935.0	945.0	905.0	193983.0
2234	2009.05.19	950.0	930.0	965.0	930.0	198920.0
2235	2009.05.18	915.0	935.0	935.0	870.0	331038.0
2236	2009.05.15	850.0	915.0	915.0	840.0	538612.0
2237	2009.05.14	830.0	840.0	845.0	825.0	181448.0
2238	2009.05.13	830.0	840.0	845.0	820.0	225632.0
2239	2009.05.12	840.0	830.0	845.0	825.0	138866.0
2240	2009.05.11	850.0	840.0	855.0	830.0	143805.0
2241	2009.05.08	845.0	840.0	845.0	820.0	130613.0
2242	2009.05.07	850.0	835.0	860.0	830.0	97656.0
2243	2009.05.06	850.0	850.0	860.0	820.0	159294.0
2244	2009.05.04	825.0	835.0	840.0	820.0	144006.0
2245	2009.04.30	810.0	815.0	830.0	795.0	215539.0
2246	2009.04.29	795.0	820.0	830.0	790.0	67690.0
2247	2009.04.28	865.0	800.0	865.0	785.0	96600.0
2248	2009.04.27	885.0	875.0	890.0	865.0	120520.0
2249	2009.04.24	895.0	880.0	930.0	870.0	287872.0
2250	2009.04.23	845.0	870.0	875.0	845.0	195480.0
2251	2009.04.22	830.0	845.0	850.0	825.0	222428.0
2252	2009.04.21	825.0	830.0	830.0	815.0	51753.0
2253	2009.04.20	820.0	830.0	835.0	815.0	121270.0
2254	2009.04.17	830.0	825.0	850.0	805.0	132975.0
2255	2009.04.16	835.0	825.0	850.0	820.0	244620.0
2256	2009.04.15	820.0	825.0	835.0	810.0	158646.0
2257	2009.04.14	840.0	830.0	840.0	815.0	138533.0
2258	2009.04.13	815.0	830.0	840.0	810.0	159822.0
2259	2009.04.10	840.0	815.0	840.0	810.0	124334.0
2260	2009.04.09	810.0	820.0	825.0	805.0	120051.0
2261	2009.04.08	800.0	800.0	815.0	795.0	134925.0
2262	2009.04.07	800.0	820.0	820.0	795.0	123530.0
2263	2009.04.06	835.0	815.0	845.0	805.0	93125.0
2264	2009.04.03	825.0	825.0	850.0	800.0	68345.0
2265	2009.04.02	795.0	825.0	870.0	795.0	180957.0
2266	2009.04.01	780.0	785.0	805.0	775.0	101930.0
2267	2009.03.31	815.0	795.0	815.0	760.0	176759.0
2268	2009.03.30	835.0	820.0	865.0	755.0	625143.0
2269	2009.03.27	995.0	1005.0	1010.0	970.0	150469.0
2270	2009.03.26	1010.0	990.0	1035.0	970.0	136295.0
2271	2009.03.25	985.0	995.0	1010.0	965.0	197916.0
2272	2009.03.24	990.0	980.0	990.0	965.0	84620.0
2273	2009.03.23	995.0	985.0	1010.0	975.0	84654.0
2274	2009.03.20	970.0	965.0	975.0	955.0	58060.0
2275	2009.03.19	980.0	970.0	990.0	960.0	91270.0
2276	2009.03.18	965.0	970.0	990.0	950.0	162574.0
2277	2009.03.17	960.0	965.0	985.0	950.0	145747.0
2278	2009.03.16	985.0	970.0	1015.0	950.0	197983.0
2279	2009.03.13	925.0	965.0	1015.0	920.0	871292.0
2280	2009.03.12	865.0	885.0	890.0	855.0	58738.0
2281	2009.03.11	885.0	875.0	890.0	865.0	82691.0
2282	2009.03.10	865.0	855.0	910.0	820.0	144097.0
2283	2009.03.09	870.0	865.0	890.0	845.0	137280.0
2284	2009.03.06	835.0	870.0	875.0	810.0	91002.0
2285	2009.03.05	850.0	840.0	870.0	830.0	107546.0
2286	2009.03.04	810.0	850.0	865.0	795.0	264699.0
2287	2009.03.03	925.0	830.0	935.0	815.0	622185.0
2288	2009.03.02	830.0	925.0	925.0	810.0	1025010.0
2289	2009.02.27	805.0	805.0	810.0	770.0	14310.0
2290	2009.02.26	790.0	770.0	840.0	760.0	29470.0
2291	2009.02.25	850.0	800.0	850.0	800.0	70375.0
2292	2009.02.24	825.0	835.0	870.0	800.0	70540.0
2293	2009.02.23	750.0	865.0	865.0	745.0	72470.0
2294	2009.02.20	830.0	795.0	840.0	780.0	77921.0
2295	2009.02.19	850.0	850.0	870.0	835.0	71810.0
2296	2009.02.18	855.0	850.0	870.0	815.0	52060.0
2297	2009.02.17	900.0	865.0	910.0	865.0	146580.0
2298	2009.02.16	915.0	905.0	920.0	895.0	153310.0
2299	2009.02.13	895.0	915.0	930.0	890.0	190070.0
2300	2009.02.12	900.0	920.0	935.0	885.0	136515.0
2301	2009.02.11	910.0	900.0	910.0	870.0	97014.0
2302	2009.02.10	940.0	910.0	945.0	890.0	235825.0
2303	2009.02.09	975.0	930.0	995.0	925.0	213520.0
2304	2009.02.06	965.0	965.0	975.0	935.0	176350.0
2305	2009.02.05	960.0	965.0	995.0	915.0	330372.0
2306	2009.02.04	1000.0	960.0	1005.0	920.0	495803.0
2307	2009.02.03	1160.0	1000.0	1160.0	990.0	1489967.0
2308	2009.02.02	885.0	1010.0	1010.0	885.0	304950.0
2309	2009.01.30	875.0	880.0	930.0	780.0	433074.0
2310	2009.01.29	885.0	830.0	895.0	810.0	187470.0
2311	2009.01.28	835.0	845.0	855.0	800.0	313973.0
2312	2009.01.23	840.0	810.0	870.0	750.0	410333.0
2313	2009.01.22	1020.0	845.0	1020.0	845.0	544876.0
2314	2009.01.21	940.0	975.0	1045.0	905.0	1526935.0
2315	2009.01.20	870.0	925.0	925.0	830.0	699575.0
2316	2009.01.19	720.0	805.0	805.0	710.0	392700.0
2317	2009.01.16	715.0	700.0	730.0	680.0	258844.0
2318	2009.01.15	765.0	700.0	770.0	700.0	266936.0
2319	2009.01.14	830.0	770.0	875.0	750.0	665700.0
2320	2009.01.13	835.0	785.0	865.0	705.0	1138642.0
2321	2009.01.12	690.0	775.0	775.0	690.0	1023926.0
2322	2009.01.09	615.0	675.0	675.0	615.0	510148.0
2323	2009.01.08	580.0	590.0	625.0	555.0	71377.0
2324	2009.01.07	575.0	585.0	595.0	570.0	41124.0
2325	2009.01.06	580.0	580.0	585.0	565.0	27630.0
2326	2009.01.05	590.0	575.0	590.0	565.0	30186.0
2327	2009.01.02	585.0	580.0	585.0	565.0	25340.0
2328	2008.12.30	560.0	565.0	580.0	555.0	5715.0
2329	2008.12.29	585.0	560.0	585.0	560.0	15110.0
2330	2008.12.26	590.0	585.0	610.0	580.0	37210.0
2331	2008.12.24	625.0	590.0	625.0	585.0	50015.0
2332	2008.12.23	620.0	590.0	625.0	585.0	41856.0
2333	2008.12.22	620.0	620.0	645.0	605.0	42880.0
2334	2008.12.19	630.0	625.0	640.0	620.0	61052.0
2335	2008.12.18	640.0	630.0	640.0	615.0	46220.0
2336	2008.12.17	660.0	630.0	660.0	615.0	43543.0
2337	2008.12.16	650.0	640.0	650.0	615.0	19293.0
2338	2008.12.15	605.0	645.0	670.0	605.0	85540.0
2339	2008.12.12	610.0	610.0	630.0	570.0	121090.0
2340	2008.12.11	560.0	590.0	600.0	560.0	51900.0
2341	2008.12.10	555.0	585.0	600.0	555.0	76550.0
2342	2008.12.09	555.0	575.0	580.0	535.0	104380.0
2343	2008.12.08	535.0	540.0	565.0	525.0	40450.0
2344	2008.12.05	530.0	525.0	540.0	515.0	34550.0
2345	2008.12.04	515.0	540.0	580.0	515.0	629370.0
2346	2008.12.03	485.0	505.0	505.0	485.0	41320.0
2347	2008.12.02	480.0	495.0	515.0	470.0	35180.0
2348	2008.12.01	520.0	510.0	525.0	505.0	32134.0
2349	2008.11.28	520.0	520.0	530.0	500.0	55020.0
2350	2008.11.27	510.0	520.0	520.0	500.0	69890.0
2351	2008.11.26	495.0	500.0	500.0	475.0	31880.0
2352	2008.11.25	540.0	485.0	540.0	480.0	26010.0
2353	2008.11.24	525.0	510.0	540.0	490.0	23970.0
2354	2008.11.21	445.0	520.0	520.0	435.0	17590.0
2355	2008.11.20	500.0	475.0	530.0	470.0	79574.0
2356	2008.11.19	595.0	550.0	600.0	525.0	31080.0
2357	2008.11.18	620.0	580.0	620.0	575.0	12530.0
2358	2008.11.17	585.0	600.0	635.0	585.0	19430.0
2359	2008.11.14	620.0	585.0	635.0	580.0	38655.0
2360	2008.11.13	605.0	610.0	635.0	585.0	49471.0
2361	2008.11.12	600.0	655.0	655.0	600.0	29610.0
2362	2008.11.11	650.0	640.0	650.0	620.0	29000.0
2363	2008.11.10	660.0	660.0	665.0	635.0	77870.0
2364	2008.11.07	600.0	650.0	650.0	565.0	20090.0
2365	2008.11.06	670.0	630.0	670.0	585.0	83420.0
2366	2008.11.05	670.0	685.0	740.0	655.0	92840.0
2367	2008.11.04	630.0	650.0	650.0	590.0	70970.0
2368	2008.11.03	590.0	610.0	625.0	590.0	72630.0
2369	2008.10.31	580.0	575.0	630.0	550.0	29230.0
2370	2008.10.30	530.0	575.0	575.0	515.0	51145.0
2371	2008.10.29	535.0	505.0	575.0	445.0	65265.0
2372	2008.10.28	500.0	520.0	525.0	445.0	50630.0
2373	2008.10.27	500.0	520.0	570.0	485.0	38650.0
2374	2008.10.24	605.0	570.0	605.0	515.0	32160.0
2375	2008.10.23	610.0	605.0	640.0	575.0	106710.0
2376	2008.10.22	695.0	675.0	705.0	655.0	23870.0
2377	2008.10.21	745.0	705.0	745.0	685.0	58170.0
2378	2008.10.20	720.0	720.0	750.0	705.0	16970.0
2379	2008.10.17	740.0	730.0	770.0	700.0	82645.0
2380	2008.10.16	785.0	755.0	785.0	730.0	19780.0
2381	2008.10.15	815.0	800.0	815.0	780.0	15030.0
2382	2008.10.14	805.0	805.0	815.0	790.0	34080.0
2383	2008.10.13	730.0	765.0	770.0	730.0	15055.0
2384	2008.10.10	750.0	720.0	750.0	685.0	17490.0
2385	2008.10.09	725.0	745.0	755.0	725.0	43460.0
2386	2008.10.08	770.0	750.0	775.0	750.0	97610.0
2387	2008.10.07	780.0	795.0	810.0	760.0	32160.0
2388	2008.10.06	820.0	810.0	830.0	790.0	78539.0
2389	2008.10.02	855.0	840.0	870.0	820.0	110310.0
2390	2008.10.01	885.0	855.0	885.0	845.0	135320.0
2391	2008.09.30	815.0	885.0	895.0	775.0	46274.0
2392	2008.09.29	905.0	900.0	910.0	890.0	28140.0
2393	2008.09.26	905.0	900.0	905.0	870.0	65780.0
2394	2008.09.25	920.0	905.0	920.0	870.0	37677.0
2395	2008.09.24	915.0	900.0	950.0	900.0	58299.0
2396	2008.09.23	875.0	915.0	915.0	875.0	38535.0
2397	2008.09.22	930.0	895.0	940.0	890.0	50813.0
2398	2008.09.19	965.0	920.0	970.0	900.0	65610.0
2399	2008.09.18	915.0	915.0	950.0	875.0	128607.0
2400	2008.09.17	845.0	950.0	950.0	845.0	114675.0
2401	2008.09.16	860.0	830.0	875.0	820.0	173960.0
2402	2008.09.12	1015.0	930.0	1025.0	915.0	454837.0
2403	2008.09.11	870.0	980.0	980.0	870.0	357242.0
2404	2008.09.10	840.0	855.0	875.0	835.0	30398.0
2405	2008.09.09	885.0	860.0	890.0	850.0	31405.0
2406	2008.09.08	850.0	885.0	895.0	835.0	96130.0
2407	2008.09.05	840.0	840.0	850.0	815.0	22830.0
2408	2008.09.04	805.0	830.0	860.0	805.0	41206.0
2409	2008.09.03	800.0	805.0	815.0	790.0	36120.0
2410	2008.09.02	830.0	800.0	850.0	785.0	104790.0
2411	2008.09.01	940.0	830.0	940.0	830.0	143786.0
2412	2008.08.29	985.0	945.0	985.0	935.0	81560.0
2413	2008.08.28	955.0	970.0	980.0	950.0	44713.0
2414	2008.08.27	980.0	950.0	995.0	940.0	100262.0
2415	2008.08.26	1020.0	990.0	1020.0	980.0	112861.0
2416	2008.08.25	1025.0	1025.0	1050.0	1020.0	50724.0
2417	2008.08.22	1040.0	1030.0	1110.0	995.0	76085.0
2418	2008.08.21	1080.0	1065.0	1090.0	1050.0	53593.0
2419	2008.08.20	1085.0	1080.0	1110.0	1075.0	57388.0
2420	2008.08.19	1180.0	1110.0	1180.0	1055.0	173490.0
2421	2008.08.18	1170.0	1180.0	1280.0	1150.0	289392.0
2422	2008.08.14	1130.0	1125.0	1180.0	1115.0	98651.0
2423	2008.08.13	1075.0	1145.0	1175.0	1070.0	391437.0
2424	2008.08.12	1085.0	1080.0	1085.0	1060.0	95093.0
2425	2008.08.11	1090.0	1070.0	1115.0	1065.0	61076.0
2426	2008.08.08	1050.0	1070.0	1130.0	1045.0	99976.0
2427	2008.08.07	1065.0	1050.0	1080.0	1040.0	30486.0
2428	2008.08.06	1065.0	1060.0	1070.0	1040.0	55334.0
2429	2008.08.05	1080.0	1050.0	1100.0	1030.0	51637.0
2430	2008.08.04	1040.0	1050.0	1055.0	1030.0	35310.0
2431	2008.08.01	1040.0	1040.0	1055.0	1030.0	34520.0
2432	2008.07.31	1045.0	1050.0	1070.0	1040.0	43135.0
2433	2008.07.30	1055.0	1055.0	1095.0	1035.0	52280.0
2434	2008.07.29	1075.0	1040.0	1085.0	1035.0	61775.0
2435	2008.07.28	1080.0	1080.0	1090.0	1065.0	52711.0
2436	2008.07.25	1080.0	1065.0	1095.0	1060.0	75829.0
2437	2008.07.24	1085.0	1095.0	1100.0	1080.0	79280.0
2438	2008.07.23	1105.0	1080.0	1105.0	1065.0	73589.0
2439	2008.07.22	1070.0	1080.0	1090.0	1060.0	60200.0
2440	2008.07.21	1050.0	1070.0	1115.0	1050.0	129174.0
2441	2008.07.18	1090.0	1060.0	1100.0	1040.0	88126.0
2442	2008.07.17	1100.0	1085.0	1125.0	1065.0	55599.0
2443	2008.07.16	1125.0	1075.0	1150.0	1050.0	126382.0
2444	2008.07.15	1195.0	1100.0	1205.0	1100.0	295649.0
2445	2008.07.14	1105.0	1225.0	1265.0	1085.0	747658.0
2446	2008.07.11	1075.0	1120.0	1120.0	1040.0	49001.0
2447	2008.07.10	1060.0	1075.0	1100.0	1010.0	39531.0
2448	2008.07.09	1080.0	1070.0	1150.0	1050.0	57470.0
2449	2008.07.08	1120.0	1085.0	1155.0	1020.0	62610.0
2450	2008.07.07	1160.0	1120.0	1160.0	1080.0	66501.0
2451	2008.07.04	1120.0	1145.0	1160.0	1120.0	37100.0
2452	2008.07.03	1120.0	1140.0	1165.0	1080.0	70290.0
2453	2008.07.02	1200.0	1165.0	1205.0	1140.0	112285.0
2454	2008.07.01	1225.0	1200.0	1225.0	1185.0	107329.0
2455	2008.06.30	1230.0	1220.0	1260.0	1220.0	87940.0
2456	2008.06.27	1285.0	1260.0	1305.0	1260.0	60488.0
2457	2008.06.26	1300.0	1310.0	1330.0	1270.0	81950.0
2458	2008.06.25	1285.0	1300.0	1325.0	1250.0	110355.0
2459	2008.06.24	1315.0	1290.0	1325.0	1270.0	78971.0
2460	2008.06.23	1265.0	1315.0	1320.0	1250.0	87105.0
2461	2008.06.20	1380.0	1295.0	1380.0	1275.0	257987.0
2462	2008.06.19	1390.0	1325.0	1390.0	1300.0	416750.0
2463	2008.06.18	1460.0	1425.0	1660.0	1410.0	2074041.0
2464	2008.06.17	1270.0	1450.0	1450.0	1270.0	372383.0
2465	2008.06.16	1260.0	1265.0	1275.0	1245.0	105127.0
2466	2008.06.13	1285.0	1265.0	1285.0	1235.0	118188.0
2467	2008.06.12	1280.0	1250.0	1290.0	1230.0	50204.0
2468	2008.06.11	1250.0	1310.0	1320.0	1235.0	140450.0
2469	2008.06.10	1280.0	1250.0	1300.0	1240.0	44844.0
2470	2008.06.09	1215.0	1280.0	1295.0	1215.0	103000.0
2471	2008.06.05	1290.0	1260.0	1315.0	1200.0	168326.0
2472	2008.06.04	1330.0	1310.0	1350.0	1280.0	60545.0
2473	2008.06.03	1310.0	1330.0	1335.0	1200.0	344319.0
2474	2008.06.02	1390.0	1390.0	1400.0	1375.0	27810.0
2475	2008.05.30	1370.0	1390.0	1415.0	1350.0	73845.0
2476	2008.05.29	1365.0	1375.0	1425.0	1325.0	90800.0
2477	2008.05.28	1380.0	1375.0	1435.0	1355.0	128340.0
2478	2008.05.27	1480.0	1380.0	1495.0	1380.0	103240.0
2479	2008.05.26	1480.0	1480.0	1505.0	1440.0	104930.0
2480	2008.05.23	1505.0	1495.0	1535.0	1495.0	72280.0
2481	2008.05.22	1600.0	1530.0	1600.0	1510.0	102840.0
2482	2008.05.21	1505.0	1570.0	1665.0	1490.0	128770.0
2483	2008.05.20	1620.0	1505.0	1620.0	1470.0	119920.0
2484	2008.05.19	1590.0	1590.0	1650.0	1555.0	84555.0
2485	2008.05.16	1625.0	1590.0	1690.0	1560.0	153113.0
2486	2008.05.15	1770.0	1655.0	1775.0	1630.0	134924.0
2487	2008.05.14	1710.0	1730.0	1860.0	1660.0	450718.0
2488	2008.05.13	1900.0	1650.0	1955.0	1615.0	909209.0
2489	2008.05.09	1900.0	1900.0	1900.0	1900.0	46690.0
2490	2008.05.08	2480.0	2480.0	2480.0	2480.0	174390.0
2491	2008.05.07	2160.0	2160.0	2160.0	2160.0	0.0
2492	2008.05.06	10800.0	10800.0	10800.0	10800.0	0.0
2493	2008.05.02	10800.0	10800.0	10800.0	10800.0	0.0
2494	2008.04.30	10800.0	10800.0	10800.0	10800.0	0.0
2495	2008.04.29	10800.0	10800.0	10800.0	10800.0	0.0
2496	2008.04.28	10800.0	10800.0	10800.0	10800.0	0.0
2497	2008.04.25	10800.0	10800.0	10800.0	10800.0	0.0
2498	2008.04.24	10800.0	10800.0	10800.0	10800.0	0.0
2499	2008.04.23	10800.0	10800.0	10800.0	10800.0	0.0
2500	2008.04.22	10800.0	10800.0	10800.0	10800.0	0.0
2501	2008.04.21	10900.0	10800.0	11350.0	10750.0	35398.0
2502	2008.04.18	10800.0	10900.0	11000.0	10350.0	16784.0
2503	2008.04.17	10150.0	10750.0	10750.0	10100.0	13711.0
2504	2008.04.16	10750.0	10300.0	10750.0	10000.0	22282.0
2505	2008.04.15	10850.0	10400.0	11100.0	10400.0	21711.0
2506	2008.04.14	10250.0	10700.0	11300.0	10050.0	33925.0
2507	2008.04.11	9770.0	10000.0	10700.0	9770.0	32554.0
2508	2008.04.10	9980.0	9770.0	9980.0	9720.0	19942.0
2509	2008.04.08	9310.0	9900.0	10700.0	9310.0	118389.0
2510	2008.04.07	9250.0	9340.0	9530.0	9210.0	8905.0
2511	2008.04.04	9250.0	9250.0	9400.0	9210.0	11740.0
2512	2008.04.03	9230.0	9230.0	9390.0	9220.0	11590.0
2513	2008.04.02	9430.0	9300.0	9480.0	9280.0	5020.0
2514	2008.04.01	9400.0	9260.0	9400.0	9230.0	16190.0
2515	2008.03.31	9560.0	9390.0	9640.0	9240.0	17366.0
2516	2008.03.28	9350.0	9390.0	9480.0	9190.0	9071.0
2517	2008.03.27	9450.0	9340.0	9450.0	9200.0	7439.0
2518	2008.03.26	9660.0	9350.0	9660.0	9200.0	14236.0
2519	2008.03.25	9550.0	9550.0	9870.0	9410.0	19023.0
2520	2008.03.24	9700.0	9590.0	9880.0	9470.0	18157.0
2521	2008.03.21	9900.0	9760.0	10150.0	9710.0	14397.0
2522	2008.03.20	9300.0	9900.0	10300.0	9060.0	57473.0
2523	2008.03.19	9160.0	9200.0	9300.0	8870.0	26364.0
2524	2008.03.18	9370.0	9000.0	9580.0	8830.0	14463.0
2525	2008.03.17	9710.0	9370.0	9710.0	9110.0	14620.0
2526	2008.03.14	10000.0	9610.0	10100.0	9510.0	29079.0
2527	2008.03.13	10050.0	10000.0	10300.0	9710.0	23052.0
2528	2008.03.12	10300.0	10200.0	10500.0	9900.0	43101.0
2529	2008.03.11	9900.0	10050.0	10400.0	9260.0	51266.0
2530	2008.03.10	11300.0	10050.0	11500.0	10000.0	98586.0
2531	2008.03.07	12800.0	11300.0	13700.0	11100.0	524270.0
2532	2008.03.06	11000.0	12350.0	12350.0	10600.0	357939.0
2533	2008.03.05	11300.0	10750.0	11850.0	10600.0	136136.0
2534	2008.03.04	11900.0	11050.0	11900.0	10600.0	182362.0
2535	2008.03.03	12000.0	11900.0	12700.0	10800.0	158033.0
2536	2008.02.29	12650.0	12400.0	13050.0	11900.0	235245.0
2537	2008.02.28	14550.0	12650.0	15450.0	11900.0	698115.0
2538	2008.02.27	12200.0	13500.0	13500.0	12050.0	376574.0
2539	2008.02.26	11500.0	11750.0	11750.0	11050.0	321434.0
2540	2008.02.25	9470.0	10250.0	10250.0	9470.0	164376.0
2541	2008.02.22	7890.0	8950.0	8950.0	7800.0	75944.0
2542	2008.02.21	7510.0	7790.0	7900.0	7500.0	12211.0
2543	2008.02.20	7500.0	7550.0	7650.0	7490.0	10425.0
2544	2008.02.19	7590.0	7550.0	7680.0	7470.0	12437.0
2545	2008.02.18	7610.0	7530.0	7660.0	7510.0	10852.0
2546	2008.02.15	7850.0	7700.0	7850.0	7510.0	14229.0
2547	2008.02.14	7980.0	7830.0	8150.0	7530.0	7405.0
2548	2008.02.13	8100.0	8090.0	8150.0	7950.0	1600.0
2549	2008.02.12	7820.0	8100.0	8170.0	7820.0	3456.0
2550	2008.02.11	8050.0	8050.0	8060.0	7800.0	5010.0
2551	2008.02.05	8200.0	8060.0	8200.0	7960.0	9449.0
2552	2008.02.04	8110.0	8030.0	8300.0	8000.0	13235.0
2553	2008.02.01	8090.0	8030.0	8370.0	7820.0	78381.0
2554	2008.01.31	8700.0	8700.0	8700.0	8700.0	21030.0
2555	2008.01.30	12000.0	10200.0	12000.0	10200.0	19580.0
2556	2008.01.29	14350.0	14350.0	14350.0	14350.0	0.0
2557	2008.01.28	14350.0	14350.0	14350.0	14350.0	0.0
2558	2008.01.25	14350.0	14350.0	14350.0	14350.0	0.0
2559	2008.01.24	14350.0	14350.0	14350.0	14350.0	0.0
2560	2008.01.23	14350.0	14350.0	14350.0	14350.0	0.0
2561	2008.01.22	14350.0	14350.0	14350.0	14350.0	0.0
2562	2008.01.21	14350.0	14350.0	14350.0	14350.0	0.0
2563	2008.01.18	14350.0	14350.0	14350.0	14350.0	0.0
2564	2008.01.17	14350.0	14350.0	14350.0	14350.0	0.0
2565	2008.01.16	14350.0	14350.0	14350.0	14350.0	0.0
2566	2008.01.15	14350.0	14350.0	14350.0	14350.0	0.0
2567	2008.01.14	14350.0	14350.0	14350.0	14350.0	0.0
2568	2008.01.11	14350.0	14350.0	14350.0	14350.0	0.0
2569	2008.01.10	14350.0	14350.0	14350.0	14350.0	0.0
2570	2008.01.09	14350.0	14350.0	14350.0	14350.0	0.0
2571	2008.01.08	14350.0	14350.0	14350.0	14350.0	0.0
2572	2008.01.07	14350.0	14350.0	14350.0	14350.0	0.0
2573	2008.01.04	14350.0	14350.0	14350.0	14350.0	0.0
2574	2008.01.03	14350.0	14350.0	14350.0	14350.0	0.0
2575	2008.01.02	14350.0	14350.0	14350.0	14350.0	0.0
2576	2007.12.28	14350.0	14350.0	14350.0	14350.0	0.0
2577	2007.12.27	14350.0	14350.0	14350.0	14350.0	0.0
2578	2007.12.26	13750.0	14350.0	14350.0	13550.0	29080.0
2579	2007.12.24	13650.0	13800.0	13900.0	13400.0	24274.0
2580	2007.12.21	13800.0	13550.0	14300.0	13550.0	33386.0
2581	2007.12.20	14350.0	13700.0	14450.0	13600.0	26430.0
2582	2007.12.18	12450.0	14200.0	14400.0	12100.0	95590.0
2583	2007.12.17	13700.0	12700.0	13700.0	12700.0	19027.0
2584	2007.12.14	12500.0	13400.0	13800.0	12250.0	58599.0
2585	2007.12.13	11750.0	12550.0	13550.0	11750.0	67873.0
2586	2007.12.12	11550.0	11800.0	11800.0	11500.0	4791.0
2587	2007.12.11	11900.0	11700.0	12000.0	11700.0	32871.0
2588	2007.12.10	12000.0	11950.0	12000.0	11700.0	22680.0
2589	2007.12.07	11850.0	12000.0	12000.0	11800.0	12090.0
2590	2007.12.06	11950.0	12000.0	12000.0	11800.0	12660.0
2591	2007.12.05	11950.0	12000.0	12000.0	11850.0	7239.0
2592	2007.12.04	11900.0	12000.0	12000.0	11800.0	7500.0
2593	2007.12.03	11900.0	11900.0	11950.0	11700.0	8320.0
2594	2007.11.30	11800.0	11950.0	11950.0	11750.0	14590.0
2595	2007.11.29	11700.0	11900.0	11900.0	11700.0	8250.0
2596	2007.11.28	11600.0	11850.0	11850.0	11600.0	7010.0
2597	2007.11.27	11700.0	11850.0	11900.0	11550.0	10630.0
2598	2007.11.26	11900.0	11850.0	11900.0	11700.0	7121.0
2599	2007.11.23	11850.0	11850.0	11900.0	11700.0	21140.0
2600	2007.11.22	11950.0	11900.0	11950.0	11750.0	5790.0
2601	2007.11.21	11750.0	11950.0	11950.0	11700.0	9000.0
2602	2007.11.20	11700.0	11950.0	11950.0	11650.0	10470.0
2603	2007.11.19	11850.0	12000.0	12000.0	11750.0	15452.0
2604	2007.11.16	11700.0	11900.0	11950.0	11600.0	21750.0
2605	2007.11.15	11700.0	11950.0	12000.0	11650.0	13476.0
2606	2007.11.14	11900.0	11900.0	12000.0	11600.0	12915.0
2607	2007.11.13	11950.0	11900.0	11950.0	11600.0	9330.0
2608	2007.11.12	12000.0	11950.0	12000.0	11600.0	9910.0
2609	2007.11.09	11850.0	12000.0	12100.0	11600.0	11321.0
2610	2007.11.08	11950.0	11700.0	12000.0	11700.0	12250.0
2611	2007.11.07	12100.0	12100.0	12100.0	11500.0	15200.0
2612	2007.11.06	11700.0	12200.0	12200.0	11650.0	13914.0
2613	2007.11.05	11700.0	11700.0	12000.0	11650.0	11230.0
2614	2007.11.02	11800.0	11800.0	12000.0	11700.0	9926.0
2615	2007.11.01	11950.0	12000.0	12000.0	11800.0	10160.0
2616	2007.10.31	11750.0	12000.0	12000.0	11700.0	9380.0
2617	2007.10.30	12050.0	12000.0	12050.0	11600.0	10220.0
2618	2007.10.29	12250.0	12100.0	12250.0	11900.0	14207.0
2619	2007.10.26	12250.0	12200.0	12250.0	11900.0	7310.0
2620	2007.10.25	12200.0	12250.0	12300.0	11750.0	10280.0
2621	2007.10.24	12350.0	12300.0	12350.0	11750.0	10340.0
2622	2007.10.23	12100.0	12250.0	12250.0	11550.0	11220.0
2623	2007.10.22	11400.0	11800.0	11900.0	11400.0	10560.0
2624	2007.10.19	12500.0	12350.0	12500.0	11900.0	11380.0
2625	2007.10.18	12200.0	12300.0	12400.0	11900.0	8691.0
2626	2007.10.17	12000.0	12200.0	12200.0	11600.0	22281.0
2627	2007.10.16	12200.0	12050.0	12300.0	12000.0	22154.0
2628	2007.10.15	12400.0	12150.0	12650.0	12150.0	25390.0
2629	2007.10.12	12500.0	12400.0	12600.0	12100.0	24950.0
2630	2007.10.11	13200.0	12400.0	13200.0	12250.0	23270.0
2631	2007.10.10	11600.0	12650.0	13400.0	11600.0	107614.0
2632	2007.10.09	11600.0	11700.0	11800.0	11500.0	14351.0
2633	2007.10.08	12000.0	11700.0	12200.0	11550.0	14670.0
2634	2007.10.05	12600.0	12000.0	12700.0	11850.0	40620.0
2635	2007.10.04	12700.0	12600.0	13350.0	12350.0	44560.0
2636	2007.10.02	12650.0	12700.0	12800.0	12500.0	23310.0
2637	2007.10.01	12300.0	12450.0	12650.0	12300.0	28702.0
2638	2007.09.28	12000.0	12300.0	12300.0	12000.0	17825.0
2639	2007.09.27	12000.0	11950.0	12300.0	11800.0	22590.0
2640	2007.09.21	11250.0	12000.0	12200.0	11000.0	35972.0
2641	2007.09.20	11350.0	11300.0	11650.0	11200.0	27136.0
2642	2007.09.19	11850.0	11700.0	12100.0	11700.0	16573.0
2643	2007.09.18	11950.0	11650.0	11950.0	11650.0	26670.0
2644	2007.09.17	11850.0	11850.0	12100.0	11800.0	20820.0
2645	2007.09.14	12050.0	12000.0	12350.0	11800.0	29281.0
2646	2007.09.13	11800.0	11850.0	12200.0	11650.0	29790.0
2647	2007.09.12	12600.0	11800.0	12650.0	11800.0	39610.0
2648	2007.09.11	11400.0	12600.0	13000.0	11400.0	121551.0
2649	2007.09.10	10950.0	11400.0	11600.0	10750.0	30361.0
2650	2007.09.07	11500.0	11200.0	11550.0	11200.0	30470.0
2651	2007.09.06	11600.0	11450.0	11700.0	11350.0	29786.0
2652	2007.09.05	11250.0	11600.0	11650.0	11200.0	27480.0
2653	2007.09.04	11550.0	11250.0	11550.0	11200.0	28333.0
2654	2007.09.03	11700.0	11550.0	11950.0	11400.0	40590.0
2655	2007.08.31	11900.0	11650.0	12150.0	11500.0	50110.0
2656	2007.08.30	10850.0	11700.0	12150.0	10700.0	136383.0
2657	2007.08.29	10500.0	10650.0	10750.0	10250.0	53740.0
2658	2007.08.28	11350.0	10950.0	11500.0	10900.0	42650.0
2659	2007.08.27	12250.0	11600.0	12250.0	11450.0	56010.0
2660	2007.08.24	11850.0	11900.0	12000.0	11600.0	26059.0
2661	2007.08.23	12200.0	11900.0	12400.0	11650.0	76641.0
2662	2007.08.22	11900.0	11900.0	12950.0	11250.0	199186.0
2663	2007.08.21	10000.0	11500.0	11500.0	10000.0	139352.0
2664	2007.08.20	9710.0	10000.0	10450.0	9520.0	24627.0
2665	2007.08.17	9560.0	9370.0	9880.0	9290.0	71019.0
2666	2007.08.16	10500.0	9790.0	10500.0	9680.0	58344.0
2667	2007.08.14	11350.0	10700.0	11350.0	10650.0	55730.0
2668	2007.08.13	11300.0	11200.0	11450.0	11100.0	28630.0
2669	2007.08.10	11600.0	11400.0	11850.0	11150.0	51567.0
2670	2007.08.09	12100.0	11900.0	12150.0	11850.0	29303.0
2671	2007.08.08	11750.0	12100.0	12100.0	11700.0	32640.0
2672	2007.08.07	11950.0	11750.0	12000.0	11650.0	30173.0
2673	2007.08.06	11850.0	11850.0	12000.0	11750.0	24402.0
2674	2007.08.03	12150.0	12000.0	12200.0	11900.0	33650.0
2675	2007.08.02	12500.0	12050.0	12550.0	11900.0	48860.0
2676	2007.08.01	12400.0	12300.0	12850.0	12200.0	61738.0
2677	2007.07.31	12350.0	12400.0	12500.0	12100.0	45182.0
2678	2007.07.30	12050.0	12300.0	12450.0	12050.0	30057.0
2679	2007.07.27	12500.0	12200.0	12550.0	12100.0	67286.0
2680	2007.07.26	13100.0	12700.0	13100.0	12600.0	49020.0
2681	2007.07.25	12600.0	12950.0	13050.0	12200.0	91728.0
2682	2007.07.24	12900.0	12650.0	12900.0	12650.0	46131.0
2683	2007.07.23	13100.0	12900.0	13200.0	12850.0	53660.0
2684	2007.07.20	12700.0	13100.0	13250.0	12700.0	84450.0
2685	2007.07.19	12900.0	12750.0	12950.0	12700.0	61976.0
2686	2007.07.18	12950.0	12900.0	12950.0	12750.0	71150.0
2687	2007.07.16	13250.0	13000.0	13300.0	12800.0	52202.0
2688	2007.07.13	13550.0	13150.0	13600.0	13000.0	120881.0
2689	2007.07.12	13450.0	13400.0	13650.0	13350.0	79282.0
2690	2007.07.11	13700.0	13450.0	13900.0	13450.0	88507.0
2691	2007.07.10	13900.0	13750.0	14200.0	13650.0	114051.0
2692	2007.07.09	13600.0	13950.0	14050.0	13400.0	147208.0
2693	2007.07.06	14100.0	13600.0	14150.0	13400.0	133620.0
2694	2007.07.05	14300.0	14100.0	14450.0	13600.0	184591.0
2695	2007.07.04	13650.0	14150.0	14400.0	13250.0	318494.0
2696	2007.07.03	14200.0	13350.0	14200.0	13150.0	294601.0
2697	2007.07.02	14000.0	14000.0	14850.0	13700.0	373826.0
2698	2007.06.29	12700.0	14400.0	15050.0	12500.0	2204081.0
2699	2007.06.28	14300.0	14300.0	14300.0	14300.0	35681.0
2700	2007.06.27	16800.0	16800.0	16800.0	16800.0	2133.0
2701	2007.06.26	19750.0	19750.0	19750.0	19750.0	139362.0
2702	2007.06.25	27350.0	23200.0	27350.0	23200.0	83610.0
2703	2007.06.22	27700.0	27250.0	28000.0	26650.0	41640.0
2704	2007.06.21	27600.0	27700.0	27700.0	27000.0	22125.0
2705	2007.06.20	27650.0	26300.0	27700.0	26150.0	28895.0
2706	2007.06.19	27700.0	27650.0	28500.0	27200.0	11390.0
2707	2007.06.18	28000.0	27700.0	28000.0	26750.0	92135.0
2708	2007.06.15	29250.0	28000.0	29250.0	27500.0	21570.0
2709	2007.06.14	30300.0	29250.0	30300.0	29000.0	7320.0
2710	2007.06.13	29900.0	29800.0	30300.0	29100.0	10860.0
2711	2007.06.12	30100.0	29900.0	30300.0	29400.0	6950.0
2712	2007.06.11	30400.0	30100.0	30500.0	30000.0	13490.0
2713	2007.06.08	30500.0	30450.0	30500.0	30100.0	9901.0
2714	2007.06.07	29150.0	30300.0	32000.0	29150.0	18540.0
2715	2007.06.05	28800.0	29150.0	29150.0	28450.0	15609.0
2716	2007.06.04	28200.0	28800.0	28800.0	27800.0	42740.0
2717	2007.06.01	28000.0	28200.0	28500.0	27700.0	37080.0
2718	2007.05.31	28000.0	28000.0	28200.0	27700.0	4410.0
2719	2007.05.30	28000.0	28000.0	28600.0	27500.0	10070.0
2720	2007.05.29	28100.0	27950.0	28100.0	27600.0	6590.0
2721	2007.05.28	27400.0	27750.0	27850.0	26900.0	30430.0
2722	2007.05.25	27400.0	27300.0	27400.0	26700.0	17260.0
2723	2007.05.23	27400.0	27400.0	27450.0	26950.0	4800.0
2724	2007.05.22	27300.0	27300.0	27500.0	26700.0	16620.0
2725	2007.05.21	27200.0	27300.0	28600.0	27000.0	13430.0
2726	2007.05.18	28000.0	27900.0	28000.0	27450.0	10810.0
2727	2007.05.17	26700.0	27700.0	27800.0	25600.0	28330.0
2728	2007.05.16	27900.0	27250.0	27900.0	26700.0	11660.0
2729	2007.05.15	28400.0	27700.0	28400.0	27200.0	19790.0
2730	2007.05.14	28350.0	28000.0	28500.0	27750.0	6320.0
2731	2007.05.11	28500.0	28200.0	28500.0	28100.0	4530.0
2732	2007.05.10	29000.0	28500.0	29000.0	28150.0	7870.0
2733	2007.05.09	27900.0	28000.0	28200.0	27700.0	9600.0
2734	2007.05.08	28100.0	28100.0	28100.0	27850.0	8770.0
2735	2007.05.07	28500.0	28300.0	28500.0	27750.0	20793.0
2736	2007.05.04	28450.0	28500.0	28950.0	28300.0	8730.0
2737	2007.05.03	28800.0	28750.0	29000.0	28500.0	5230.0
2738	2007.05.02	29050.0	28800.0	29450.0	28800.0	12250.0
2739	2007.04.30	28800.0	29050.0	29200.0	28500.0	23190.0
2740	2007.04.27	28800.0	28500.0	29250.0	28150.0	74340.0
2741	2007.04.26	28350.0	28600.0	28850.0	28350.0	45109.0
2742	2007.04.25	28650.0	28700.0	28700.0	28350.0	10670.0
2743	2007.04.24	28600.0	28650.0	28700.0	28150.0	19000.0
2744	2007.04.23	28200.0	28600.0	28800.0	28200.0	5621.0
2745	2007.04.20	28600.0	28500.0	28800.0	28000.0	29270.0
2746	2007.04.19	28300.0	28400.0	28450.0	27900.0	18691.0
2747	2007.04.18	27900.0	28300.0	28300.0	27700.0	24560.0
2748	2007.04.17	28100.0	28000.0	28800.0	26500.0	83683.0
2749	2007.04.16	28800.0	28600.0	29150.0	28050.0	16425.0
2750	2007.04.13	28800.0	28750.0	28900.0	27900.0	61717.0
2751	2007.04.12	29000.0	28800.0	29650.0	28650.0	45525.0
2752	2007.04.11	27500.0	29000.0	29000.0	27350.0	40669.0
2753	2007.04.10	25850.0	27050.0	27250.0	25850.0	44670.0
2754	2007.04.09	25850.0	25750.0	26750.0	25300.0	34780.0
2755	2007.04.06	25700.0	25850.0	26700.0	25000.0	66113.0
2756	2007.04.05	25350.0	26000.0	26200.0	25350.0	15271.0
2757	2007.04.04	26150.0	25650.0	26750.0	25550.0	35601.0
2758	2007.04.03	26200.0	25500.0	27300.0	25100.0	73562.0
2759	2007.04.02	25300.0	26000.0	26700.0	24900.0	108051.0
2760	2007.03.30	23900.0	24900.0	24900.0	23600.0	156940.0
2761	2007.03.29	22450.0	23550.0	24600.0	21800.0	110458.0
2762	2007.03.28	21000.0	22100.0	22750.0	21000.0	95470.0
2763	2007.03.27	20850.0	21000.0	21350.0	20850.0	26870.0
2764	2007.03.26	21600.0	21050.0	21650.0	20600.0	29370.0
2765	2007.03.23	22100.0	21500.0	22100.0	21450.0	23210.0
2766	2007.03.22	21550.0	21650.0	22000.0	21350.0	33308.0
2767	2007.03.21	21500.0	21700.0	22150.0	21500.0	38635.0
2768	2007.03.20	20950.0	21400.0	21800.0	20750.0	57969.0
2769	2007.03.19	20000.0	20750.0	20750.0	20000.0	33110.0
2770	2007.03.16	19500.0	20000.0	20000.0	19500.0	41237.0
2771	2007.03.15	18750.0	19800.0	19800.0	18600.0	74840.0
2772	2007.03.14	19100.0	19050.0	19400.0	18800.0	19947.0
2773	2007.03.13	19050.0	19100.0	19900.0	19000.0	41938.0
2774	2007.03.12	17950.0	19000.0	19300.0	17900.0	113840.0
2775	2007.03.09	18200.0	17900.0	18750.0	16950.0	184153.0
2776	2007.03.08	19700.0	18050.0	19900.0	18050.0	75668.0
2777	2007.03.07	20250.0	19750.0	20250.0	19350.0	70949.0
2778	2007.03.06	18900.0	19800.0	19800.0	18900.0	54036.0
2779	2007.03.05	18200.0	18900.0	19100.0	17900.0	75410.0
2780	2007.03.02	17800.0	18300.0	18850.0	17550.0	38977.0
2781	2007.02.28	16850.0	17800.0	17800.0	16500.0	26710.0
2782	2007.02.27	16950.0	17050.0	17100.0	16800.0	52590.0
2783	2007.02.26	17300.0	16950.0	17400.0	16900.0	29010.0
2784	2007.02.23	16800.0	17200.0	17400.0	16600.0	132300.0
2785	2007.02.22	15600.0	16600.0	16600.0	15600.0	54813.0
2786	2007.02.21	15800.0	15500.0	16500.0	15500.0	105617.0
2787	2007.02.20	16000.0	15800.0	16600.0	15600.0	63958.0
2788	2007.02.16	15900.0	16100.0	17500.0	15900.0	111620.0
2789	2007.02.15	16450.0	16000.0	16750.0	15900.0	91580.0
2790	2007.02.14	16150.0	16300.0	16800.0	16000.0	76130.0
2791	2007.02.13	16450.0	16150.0	16450.0	16150.0	14840.0
2792	2007.02.12	16300.0	16200.0	16400.0	16000.0	80980.0
2793	2007.02.09	16000.0	16100.0	16300.0	16000.0	22811.0
2794	2007.02.08	15650.0	16000.0	16400.0	15650.0	11714.0
2795	2007.02.07	16300.0	16050.0	16500.0	16050.0	19510.0
2796	2007.02.06	15950.0	16150.0	16200.0	15400.0	47725.0
2797	2007.02.05	15850.0	15950.0	16100.0	15650.0	4280.0
2798	2007.02.02	15450.0	15850.0	15950.0	15250.0	14740.0
2799	2007.02.01	15150.0	15300.0	15550.0	15150.0	43870.0
2800	2007.01.31	14850.0	15300.0	15300.0	14700.0	41233.0
2801	2007.01.30	14800.0	14850.0	14900.0	14700.0	19829.0
2802	2007.01.29	15000.0	14950.0	15250.0	14850.0	5946.0
2803	2007.01.26	14800.0	15000.0	15200.0	14700.0	7788.0
2804	2007.01.25	15050.0	15100.0	15600.0	15000.0	11860.0
2805	2007.01.24	14600.0	15100.0	15150.0	14500.0	36260.0
2806	2007.01.23	15300.0	14650.0	15300.0	14600.0	29640.0
2807	2007.01.22	15550.0	15200.0	15850.0	15200.0	18825.0
2808	2007.01.19	15700.0	15600.0	15950.0	15450.0	30201.0
2809	2007.01.18	15350.0	15650.0	15800.0	15200.0	25280.0
2810	2007.01.17	15400.0	15450.0	15800.0	15400.0	21920.0
2811	2007.01.16	15800.0	15650.0	15850.0	15500.0	31660.0
2812	2007.01.15	15300.0	15700.0	17750.0	15300.0	85452.0
2813	2007.01.12	14700.0	15500.0	16300.0	14500.0	111510.0
2814	2007.01.11	14900.0	14800.0	14900.0	14600.0	15850.0
2815	2007.01.10	14800.0	14850.0	14950.0	14300.0	44460.0
2816	2007.01.09	14300.0	14800.0	14800.0	14100.0	89692.0
2817	2007.01.08	14250.0	14400.0	14500.0	14000.0	44970.0
2818	2007.01.05	14200.0	14300.0	14350.0	13950.0	17900.0
2819	2007.01.04	14300.0	14200.0	14500.0	14000.0	25650.0
2820	2007.01.03	14300.0	14300.0	14350.0	14000.0	17490.0
2821	2007.01.02	14150.0	14200.0	14300.0	13950.0	20580.0
2822	2006.12.28	14250.0	14000.0	14400.0	14000.0	31790.0
2823	2006.12.27	14400.0	14300.0	14650.0	13900.0	67160.0
2824	2006.12.26	14000.0	14500.0	14800.0	13500.0	102410.0
2825	2006.12.22	13600.0	14000.0	14750.0	13600.0	110760.0
2826	2006.12.21	13100.0	13500.0	13700.0	13000.0	81830.0
2827	2006.12.20	12950.0	13100.0	13250.0	12900.0	59940.0
2828	2006.12.19	12750.0	13000.0	13000.0	12650.0	26260.0
2829	2006.12.18	12650.0	12800.0	13000.0	12600.0	12560.0
2830	2006.12.15	12700.0	12550.0	13000.0	12500.0	27580.0
2831	2006.12.14	12000.0	12700.0	12700.0	12000.0	52000.0
2832	2006.12.13	12200.0	12000.0	12400.0	12000.0	24680.0
2833	2006.12.12	12150.0	12200.0	12200.0	11950.0	14350.0
2834	2006.12.11	12100.0	12200.0	12200.0	11800.0	52120.0
2835	2006.12.08	12250.0	12100.0	12250.0	11900.0	24770.0
2836	2006.12.07	12100.0	12300.0	12500.0	11700.0	51490.0
2837	2006.12.06	11300.0	12200.0	12200.0	11300.0	40570.0
2838	2006.12.05	11800.0	11700.0	11950.0	11650.0	22060.0
2839	2006.12.04	12200.0	11800.0	12200.0	11650.0	17131.0
2840	2006.12.01	11200.0	12100.0	12400.0	11000.0	69541.0
2841	2006.11.30	11100.0	11150.0	11350.0	11000.0	35210.0
2842	2006.11.29	11150.0	11100.0	11400.0	11050.0	36400.0
2843	2006.11.28	11700.0	11150.0	11700.0	11150.0	55500.0
2844	2006.11.27	11800.0	11700.0	12000.0	11400.0	35260.0
2845	2006.11.24	12100.0	11800.0	12450.0	11800.0	12900.0
2846	2006.11.23	12100.0	12100.0	12500.0	11800.0	13580.0
2847	2006.11.22	12300.0	12100.0	12300.0	12000.0	29170.0
2848	2006.11.21	12000.0	12300.0	12300.0	11950.0	13230.0
2849	2006.11.20	12450.0	12000.0	12650.0	11900.0	30980.0
2850	2006.11.17	12400.0	12450.0	12850.0	12350.0	8870.0
2851	2006.11.16	13000.0	12600.0	13100.0	12600.0	29220.0
2852	2006.11.15	12700.0	13000.0	13200.0	12450.0	51530.0
2853	2006.11.14	12600.0	12700.0	12950.0	12600.0	19530.0
2854	2006.11.13	12600.0	12700.0	12700.0	12350.0	33160.0
2855	2006.11.10	11950.0	12500.0	12500.0	11700.0	37660.0
2856	2006.11.09	11800.0	11900.0	11900.0	11550.0	32490.0
2857	2006.11.08	11300.0	11700.0	11700.0	11050.0	33880.0
2858	2006.11.07	11350.0	11300.0	11400.0	11150.0	18960.0
2859	2006.11.06	11100.0	11300.0	11350.0	11000.0	23470.0
2860	2006.11.03	10950.0	11300.0	11300.0	10900.0	19880.0
2861	2006.11.02	11450.0	10950.0	11550.0	10900.0	23180.0
2862	2006.11.01	11700.0	11350.0	11800.0	11350.0	13270.0
2863	2006.10.31	11800.0	11700.0	11950.0	11700.0	12500.0
2864	2006.10.30	11800.0	11800.0	11950.0	11400.0	16940.0
2865	2006.10.27	11400.0	11700.0	11750.0	11400.0	6780.0
2866	2006.10.26	11950.0	11500.0	11950.0	11500.0	27159.0
2867	2006.10.25	12000.0	12000.0	12000.0	11800.0	10760.0
2868	2006.10.24	12050.0	12100.0	12200.0	11900.0	19430.0
2869	2006.10.23	11850.0	12050.0	12100.0	11700.0	33810.0
2870	2006.10.20	11150.0	12000.0	12100.0	11150.0	40380.0
2871	2006.10.19	11300.0	11200.0	11600.0	11000.0	39770.0
2872	2006.10.18	11450.0	11000.0	11500.0	10900.0	42790.0
2873	2006.10.17	11700.0	11450.0	11700.0	11400.0	11792.0
2874	2006.10.16	11950.0	11700.0	11950.0	11700.0	6810.0
2875	2006.10.13	11850.0	11950.0	12100.0	11850.0	24228.0
2876	2006.10.12	11900.0	12000.0	12000.0	11700.0	10750.0
2877	2006.10.11	11900.0	11900.0	12000.0	11750.0	7340.0
2878	2006.10.10	12100.0	11900.0	12100.0	11800.0	11670.0
2879	2006.10.09	12000.0	12100.0	12150.0	11250.0	16695.0
2880	2006.10.04	12100.0	12000.0	12150.0	11950.0	23760.0
2881	2006.10.02	11900.0	12000.0	12100.0	11900.0	18880.0
2882	2006.09.29	11550.0	11900.0	12000.0	11300.0	89070.0
2883	2006.09.28	11700.0	11700.0	11700.0	11400.0	25440.0
2884	2006.09.27	10950.0	11400.0	11400.0	10850.0	40590.0
2885	2006.09.26	10900.0	10950.0	11000.0	10650.0	22570.0
2886	2006.09.25	10400.0	10950.0	11200.0	10350.0	26020.0
2887	2006.09.22	10150.0	10400.0	10400.0	9950.0	24060.0
2888	2006.09.21	10350.0	10200.0	10400.0	10200.0	4930.0
2889	2006.09.20	10350.0	10350.0	10350.0	10150.0	8520.0
2890	2006.09.19	10350.0	10300.0	10400.0	10200.0	3809.0
2891	2006.09.18	10400.0	10400.0	10450.0	10250.0	4440.0
2892	2006.09.15	10250.0	10400.0	10450.0	10200.0	6150.0
2893	2006.09.14	10400.0	10250.0	10550.0	10200.0	5970.0
2894	2006.09.13	10500.0	10400.0	10550.0	10250.0	6260.0
2895	2006.09.12	10500.0	10400.0	10500.0	10300.0	5750.0
2896	2006.09.11	10650.0	10450.0	10750.0	10400.0	11560.0
2897	2006.09.08	10400.0	10350.0	10650.0	10350.0	7610.0
2898	2006.09.07	10200.0	10550.0	10600.0	10200.0	21000.0
2899	2006.09.06	10550.0	10350.0	10700.0	10300.0	20564.0
2900	2006.09.05	10850.0	10700.0	10900.0	10300.0	14100.0
2901	2006.09.04	11000.0	10900.0	11000.0	10450.0	27940.0
2902	2006.09.01	10950.0	10900.0	11050.0	10800.0	15795.0
2903	2006.08.31	10150.0	10750.0	10950.0	10150.0	35910.0
2904	2006.08.30	10200.0	10250.0	10450.0	9950.0	83375.0
2905	2006.08.29	10200.0	10300.0	10500.0	10150.0	51000.0
2906	2006.08.28	10800.0	10750.0	10850.0	10400.0	5570.0
2907	2006.08.25	10250.0	10700.0	10700.0	10050.0	15860.0
2908	2006.08.24	10100.0	10250.0	10450.0	10100.0	4720.0
2909	2006.08.23	10350.0	10300.0	10800.0	10300.0	7080.0
2910	2006.08.22	10200.0	10650.0	10650.0	10200.0	9540.0
2911	2006.08.21	10600.0	10300.0	10950.0	10000.0	20639.0
2912	2006.08.18	11100.0	10850.0	11300.0	10800.0	6466.0
2913	2006.08.17	11200.0	11100.0	11450.0	11050.0	4314.0
2914	2006.08.16	11700.0	11100.0	11700.0	11100.0	4300.0
2915	2006.08.14	11550.0	11700.0	11800.0	11000.0	14694.0
2916	2006.08.11	11050.0	11550.0	11700.0	11000.0	9520.0
2917	2006.08.10	10800.0	11050.0	11050.0	10700.0	11550.0
2918	2006.08.09	10300.0	10800.0	10800.0	10150.0	15330.0
2919	2006.08.08	10000.0	10300.0	10300.0	10000.0	34250.0
2920	2006.08.07	10100.0	10000.0	10300.0	9900.0	22660.0
2921	2006.08.04	10550.0	10050.0	10600.0	10050.0	10220.0
2922	2006.08.03	11000.0	10450.0	11100.0	10450.0	71660.0
2923	2006.08.02	11150.0	11000.0	12100.0	10900.0	5320.0
2924	2006.08.01	11000.0	11350.0	11400.0	10850.0	28230.0
2925	2006.07.31	11150.0	11000.0	11450.0	10800.0	18760.0
2926	2006.07.28	11000.0	11300.0	11350.0	11000.0	11840.0
2927	2006.07.27	11200.0	11250.0	11450.0	10900.0	17160.0
2928	2006.07.26	11300.0	11350.0	11400.0	11200.0	6510.0
2929	2006.07.25	11700.0	11150.0	11750.0	11150.0	10700.0
2930	2006.07.24	11450.0	11450.0	11700.0	11200.0	15690.0
2931	2006.07.21	11500.0	11150.0	11700.0	11050.0	14030.0
2932	2006.07.20	11550.0	11500.0	11800.0	11200.0	5920.0
2933	2006.07.19	11800.0	11200.0	11800.0	11200.0	8590.0
2934	2006.07.18	11900.0	11850.0	11950.0	11650.0	9710.0
2935	2006.07.14	11800.0	11900.0	12100.0	11600.0	17810.0
2936	2006.07.13	11600.0	11800.0	11800.0	11350.0	12590.0
2937	2006.07.12	11300.0	11350.0	11850.0	11300.0	10120.0
2938	2006.07.11	11100.0	11300.0	11800.0	11100.0	20032.0
2939	2006.07.10	11000.0	11100.0	11500.0	10650.0	8832.0
2940	2006.07.07	11600.0	11050.0	11800.0	11050.0	15334.0
2941	2006.07.06	11800.0	11800.0	11800.0	11350.0	2550.0
2942	2006.07.05	11650.0	11700.0	11700.0	11650.0	140.0
2943	2006.07.04	11850.0	11750.0	12200.0	11500.0	15360.0
2944	2006.07.03	11950.0	11900.0	11950.0	11700.0	3790.0
2945	2006.06.30	11650.0	11900.0	11950.0	11250.0	12350.0
2946	2006.06.29	12250.0	11650.0	12350.0	11650.0	16893.0
2947	2006.06.28	12350.0	12250.0	12400.0	12100.0	1030.0
2948	2006.06.27	12300.0	12350.0	12450.0	12000.0	27740.0
2949	2006.06.26	12450.0	12300.0	12450.0	12000.0	7880.0
2950	2006.06.23	12850.0	12400.0	12850.0	12300.0	15080.0
2951	2006.06.22	12600.0	12400.0	12650.0	12400.0	10783.0
2952	2006.06.21	12450.0	12600.0	12600.0	12300.0	24230.0
2953	2006.06.20	12500.0	12500.0	12600.0	12200.0	7740.0
2954	2006.06.19	12350.0	12500.0	12500.0	12300.0	13527.0
2955	2006.06.16	12300.0	12350.0	12400.0	12150.0	8150.0
2956	2006.06.15	12300.0	12350.0	12500.0	12100.0	9280.0
2957	2006.06.14	12000.0	12300.0	12500.0	12000.0	33920.0
2958	2006.06.13	12350.0	12000.0	12400.0	11850.0	17740.0
2959	2006.06.12	12300.0	12400.0	12900.0	12100.0	21390.0
2960	2006.06.09	11650.0	12300.0	12300.0	11600.0	35110.0
2961	2006.06.08	11650.0	11700.0	11700.0	11250.0	18120.0
2962	2006.06.07	11650.0	11650.0	11850.0	11400.0	20630.0
2963	2006.06.05	11850.0	11650.0	11850.0	11100.0	60800.0
2964	2006.06.02	11200.0	11400.0	11500.0	11100.0	23030.0
2965	2006.06.01	11500.0	11100.0	11500.0	10800.0	13310.0
2966	2006.05.30	10750.0	10900.0	11000.0	10400.0	53325.0
2967	2006.05.29	10550.0	10750.0	10900.0	10000.0	46330.0
2968	2006.05.26	10000.0	10900.0	10950.0	9940.0	26720.0
2969	2006.05.25	10450.0	9990.0	10500.0	9890.0	16720.0
2970	2006.05.24	10000.0	9990.0	10250.0	9840.0	12240.0
2971	2006.05.23	10450.0	10300.0	10500.0	10000.0	5671.0
2972	2006.05.22	11050.0	10250.0	11200.0	10250.0	16870.0
2973	2006.05.19	11050.0	11050.0	11250.0	10300.0	25670.0
2974	2006.05.18	11300.0	11050.0	11300.0	10250.0	14770.0
2975	2006.05.17	11150.0	11000.0	11650.0	11000.0	20000.0
2976	2006.05.16	11300.0	11500.0	11600.0	11100.0	11780.0
2977	2006.05.15	11700.0	11600.0	11700.0	10600.0	45870.0
2978	2006.05.12	10800.0	11650.0	11650.0	10100.0	27480.0
2979	2006.05.11	11650.0	11100.0	11650.0	11100.0	9420.0
2980	2006.05.10	11300.0	11500.0	11700.0	11300.0	3320.0
2981	2006.05.09	10950.0	11300.0	11450.0	10550.0	52500.0
2982	2006.05.08	11800.0	11300.0	11800.0	11250.0	21300.0
2983	2006.05.04	11750.0	11650.0	11750.0	11250.0	12480.0
2984	2006.05.03	11250.0	11550.0	11650.0	11250.0	21540.0
2985	2006.05.02	11350.0	11400.0	11950.0	11250.0	17240.0
2986	2006.04.28	11300.0	11650.0	11650.0	11050.0	23550.0
2987	2006.04.27	11350.0	11450.0	11850.0	11050.0	23150.0
2988	2006.04.26	11750.0	11400.0	12100.0	11100.0	43130.0
2989	2006.04.25	12150.0	11750.0	12300.0	11600.0	18900.0
2990	2006.04.24	12000.0	12200.0	12200.0	11900.0	31050.0
2991	2006.04.21	11200.0	12000.0	12050.0	11150.0	41890.0
2992	2006.04.20	12500.0	10950.0	12900.0	10950.0	26650.0
2993	2006.04.19	12750.0	12500.0	13200.0	12050.0	43340.0
2994	2006.04.18	13450.0	12850.0	13500.0	12850.0	13861.0
2995	2006.04.17	13300.0	13400.0	13450.0	13100.0	3960.0
2996	2006.04.14	13700.0	13450.0	13700.0	12900.0	22160.0
2997	2006.04.13	13800.0	13550.0	13800.0	13300.0	3550.0
2998	2006.04.12	13700.0	13600.0	13700.0	13100.0	10290.0
2999	2006.04.11	13600.0	13700.0	13900.0	13400.0	9140.0
3000	2006.04.10	14000.0	13700.0	14000.0	13500.0	10900.0
3001	2006.04.07	13800.0	13800.0	13950.0	13600.0	11710.0
3002	2006.04.06	13800.0	13750.0	13900.0	13500.0	21320.0
3003	2006.04.05	14000.0	13800.0	14000.0	13500.0	4910.0
3004	2006.04.04	13950.0	13950.0	13950.0	13650.0	380.0
3005	2006.04.03	13800.0	13750.0	14050.0	13700.0	8900.0
3006	2006.03.31	13500.0	14000.0	14000.0	13150.0	33820.0
3007	2006.03.30	13800.0	13500.0	14000.0	13500.0	10710.0
3008	2006.03.29	14000.0	13950.0	14000.0	13700.0	14680.0
3009	2006.03.28	13750.0	13950.0	14200.0	13400.0	41980.0
3010	2006.03.27	13850.0	14000.0	14000.0	13500.0	21950.0
3011	2006.03.24	12350.0	13800.0	13950.0	12350.0	46450.0
3012	2006.03.23	12950.0	13000.0	13000.0	12500.0	22740.0
3013	2006.03.22	12400.0	12700.0	12700.0	12300.0	17030.0
3014	2006.03.21	12250.0	12400.0	12450.0	12200.0	61820.0
3015	2006.03.20	12400.0	12150.0	12400.0	11900.0	17180.0
3016	2006.03.17	12000.0	12050.0	12100.0	11800.0	34870.0
3017	2006.03.16	11900.0	12000.0	12000.0	11550.0	30350.0
3018	2006.03.15	12400.0	12000.0	12400.0	11900.0	93490.0
3019	2006.03.14	12250.0	12050.0	12500.0	12050.0	12170.0
3020	2006.03.13	12450.0	12250.0	12450.0	12000.0	16400.0
3021	2006.03.10	12500.0	12150.0	12500.0	11950.0	10280.0
3022	2006.03.09	12350.0	12200.0	12400.0	12000.0	12640.0
3023	2006.03.08	12300.0	12250.0	12400.0	11900.0	6160.0
3024	2006.03.07	12300.0	12300.0	12300.0	12000.0	5670.0
3025	2006.03.06	12700.0	12300.0	12700.0	12150.0	39630.0
3026	2006.03.03	12650.0	12400.0	12650.0	12050.0	18520.0
3027	2006.03.02	13450.0	12500.0	13450.0	12200.0	34240.0
3028	2006.02.28	12450.0	12550.0	12700.0	12250.0	14660.0
3029	2006.02.27	12500.0	12450.0	12500.0	11900.0	42020.0
3030	2006.02.24	12100.0	11850.0	12200.0	11750.0	9250.0
3031	2006.02.23	12250.0	11900.0	12250.0	11800.0	1860.0
3032	2006.02.22	11800.0	11900.0	12500.0	11800.0	13670.0
3033	2006.02.21	11900.0	11900.0	11900.0	11500.0	13040.0
3034	2006.02.20	11700.0	11900.0	12000.0	10250.0	21100.0
3035	2006.02.17	11700.0	11900.0	11950.0	11650.0	2410.0
3036	2006.02.16	12000.0	11900.0	12000.0	11650.0	26900.0
3037	2006.02.15	12050.0	12000.0	12050.0	11800.0	1460.0
3038	2006.02.14	11950.0	11850.0	12200.0	11700.0	13970.0
3039	2006.02.13	12100.0	12000.0	12100.0	11650.0	14490.0
3040	2006.02.10	11900.0	12050.0	12100.0	11700.0	10010.0
3041	2006.02.09	11500.0	11900.0	11900.0	11500.0	12130.0
3042	2006.02.08	11800.0	11500.0	12000.0	11500.0	4950.0
3043	2006.02.07	11350.0	11800.0	12000.0	11350.0	8970.0
3044	2006.02.06	11900.0	11850.0	11900.0	11550.0	1520.0
3045	2006.02.03	11850.0	11900.0	12100.0	11500.0	3200.0
3046	2006.02.02	11750.0	11900.0	13000.0	11500.0	38540.0
3047	2006.02.01	11900.0	11700.0	12100.0	11700.0	6420.0
3048	2006.01.31	11100.0	12300.0	12750.0	11100.0	4380.0
3049	2006.01.27	12650.0	12000.0	12650.0	11900.0	9310.0
3050	2006.01.26	12900.0	12400.0	12900.0	12100.0	15960.0
3051	2006.01.25	11700.0	12400.0	12450.0	11700.0	18280.0
3052	2006.01.24	12000.0	11950.0	12000.0	11600.0	8730.0
3053	2006.01.23	12200.0	11900.0	12400.0	11700.0	29590.0
3054	2006.01.20	12000.0	12250.0	12400.0	12000.0	6650.0
3055	2006.01.19	12450.0	12300.0	12450.0	11900.0	850.0
3056	2006.01.18	12400.0	12350.0	12400.0	12000.0	3770.0
3057	2006.01.17	12350.0	12400.0	12500.0	12200.0	15150.0
3058	2006.01.16	12400.0	12500.0	12600.0	12200.0	5360.0
3059	2006.01.13	12250.0	12500.0	12500.0	12000.0	6860.0
3060	2006.01.12	11900.0	12250.0	12700.0	11750.0	16250.0
3061	2006.01.11	11600.0	11950.0	11950.0	11350.0	4900.0
3062	2006.01.10	11850.0	11750.0	11850.0	11500.0	22280.0
3063	2006.01.09	11700.0	11850.0	12000.0	11450.0	16780.0
3064	2006.01.06	11900.0	11800.0	11900.0	11500.0	8590.0
3065	2006.01.05	12100.0	11850.0	12100.0	11500.0	14130.0
3066	2006.01.04	11000.0	11950.0	12000.0	10900.0	133470.0
3067	2006.01.03	10850.0	11100.0	11500.0	10800.0	17670.0
3068	2006.01.02	11000.0	11000.0	11100.0	10500.0	14200.0
3069	2005.12.29	10100.0	10900.0	11000.0	10000.0	70860.0
3070	2005.12.28	10400.0	10050.0	10450.0	9990.0	19710.0
3071	2005.12.27	9820.0	9950.0	10500.0	9820.0	32626.0
3072	2005.12.26	10550.0	10000.0	10600.0	9750.0	17400.0
3073	2005.12.23	10950.0	10300.0	11200.0	9500.0	68252.0
3074	2005.12.22	9450.0	10650.0	10650.0	9150.0	109392.0
3075	2005.12.21	9190.0	9390.0	9450.0	8810.0	24390.0
3076	2005.12.20	8190.0	8610.0	9200.0	7950.0	61462.0
3077	2005.12.19	7790.0	8050.0	8090.0	7790.0	11180.0
3078	2005.12.16	8090.0	7890.0	8190.0	7530.0	10920.0
3079	2005.12.15	7950.0	8090.0	8250.0	7920.0	1580.0
3080	2005.12.14	8030.0	8160.0	8240.0	7940.0	5870.0
3081	2005.12.13	8290.0	8160.0	8290.0	8000.0	550.0
3082	2005.12.12	8190.0	8170.0	8190.0	7880.0	14840.0
3083	2005.12.09	8130.0	8010.0	8230.0	7990.0	2220.0
3084	2005.12.08	7900.0	8130.0	8250.0	7800.0	5290.0
3085	2005.12.07	8130.0	8000.0	8290.0	8000.0	17230.0
3086	2005.12.06	7980.0	8400.0	8400.0	7980.0	160.0
3087	2005.12.05	8180.0	8110.0	8440.0	8050.0	5544.0
3088	2005.12.02	8270.0	8470.0	8560.0	8270.0	3320.0
3089	2005.12.01	8740.0	8490.0	8740.0	8150.0	9810.0
3090	2005.11.30	7860.0	8570.0	8630.0	7860.0	2660.0
3091	2005.11.29	8150.0	8480.0	8600.0	8150.0	6670.0
3092	2005.11.28	8310.0	8350.0	8390.0	8200.0	1690.0
3093	2005.11.25	7980.0	8310.0	8500.0	7980.0	3600.0
3094	2005.11.24	8100.0	8190.0	8200.0	8000.0	6330.0
3095	2005.11.23	8480.0	8170.0	8480.0	8160.0	3170.0
3096	2005.11.22	8280.0	8280.0	8310.0	8100.0	6480.0
3097	2005.11.21	8490.0	8400.0	8500.0	8300.0	2680.0
3098	2005.11.18	8500.0	8490.0	8500.0	8360.0	5080.0
3099	2005.11.17	8670.0	8420.0	8670.0	8350.0	3800.0
3100	2005.11.16	8320.0	8500.0	8530.0	8320.0	380.0
3101	2005.11.15	8320.0	8460.0	8490.0	8320.0	3800.0
3102	2005.11.14	8580.0	8460.0	8600.0	8460.0	2350.0
3103	2005.11.11	8420.0	8580.0	8880.0	8410.0	5110.0
3104	2005.11.10	8900.0	8530.0	8900.0	8410.0	6180.0
3105	2005.11.09	8510.0	8420.0	8640.0	8400.0	7740.0
3106	2005.11.08	8410.0	8420.0	8680.0	8410.0	640.0
3107	2005.11.07	8570.0	8500.0	8730.0	8500.0	17170.0
3108	2005.11.04	8420.0	8570.0	8620.0	8200.0	16220.0
3109	2005.11.03	8650.0	8410.0	8830.0	8380.0	31510.0
3110	2005.11.02	8960.0	8900.0	8960.0	8650.0	320.0
3111	2005.11.01	8500.0	8740.0	8820.0	8500.0	5790.0
3112	2005.10.31	8810.0	8700.0	8930.0	8450.0	23950.0
3113	2005.10.28	8800.0	8930.0	8990.0	8780.0	4910.0
3114	2005.10.27	8950.0	8960.0	9080.0	8800.0	700.0
3115	2005.10.26	9140.0	8840.0	9140.0	8840.0	1340.0
3116	2005.10.25	8900.0	9030.0	9150.0	8780.0	2840.0
3117	2005.10.24	9010.0	8900.0	9370.0	8900.0	3090.0
3118	2005.10.21	9240.0	9170.0	9240.0	8730.0	960.0
3119	2005.10.20	9010.0	9170.0	9260.0	8940.0	820.0
3120	2005.10.19	9000.0	9180.0	9290.0	8880.0	790.0
3121	2005.10.18	9280.0	9170.0	9280.0	8840.0	3010.0
3122	2005.10.17	9080.0	9190.0	9380.0	9080.0	7020.0
3123	2005.10.14	9410.0	9250.0	9410.0	9100.0	1050.0
3124	2005.10.13	9050.0	9240.0	9320.0	9050.0	6010.0
3125	2005.10.12	9310.0	9000.0	9310.0	9000.0	13240.0
3126	2005.10.11	9400.0	9340.0	9450.0	8170.0	6280.0
3127	2005.10.10	9650.0	9400.0	9650.0	9240.0	2110.0
3128	2005.10.07	9450.0	9420.0	9450.0	9110.0	4840.0
3129	2005.10.06	9350.0	9290.0	9470.0	9020.0	2050.0
3130	2005.10.05	9100.0	9350.0	9500.0	9100.0	1580.0
3131	2005.10.04	9000.0	9400.0	9600.0	9000.0	5990.0
3132	2005.09.30	8940.0	9250.0	9300.0	8800.0	6770.0
3133	2005.09.29	8760.0	8940.0	9000.0	8760.0	1340.0
3134	2005.09.28	8620.0	8890.0	9400.0	8620.0	50580.0
3135	2005.09.27	8990.0	8810.0	9120.0	8670.0	12420.0
3136	2005.09.26	9270.0	8670.0	9270.0	8600.0	18630.0
3137	2005.09.23	8600.0	8870.0	8950.0	8600.0	1200.0
3138	2005.09.22	8550.0	8500.0	8750.0	8470.0	13802.0
3139	2005.09.21	8340.0	8470.0	8900.0	8340.0	33450.0
3140	2005.09.20	8410.0	8470.0	8780.0	8410.0	5130.0
3141	2005.09.16	8810.0	8600.0	8990.0	8600.0	6460.0
3142	2005.09.15	9500.0	8990.0	9500.0	8810.0	3110.0
3143	2005.09.14	9140.0	9100.0	9140.0	8980.0	33680.0
3144	2005.09.13	9330.0	9060.0	9490.0	9060.0	2460.0
3145	2005.09.12	9380.0	9340.0	9490.0	9020.0	6920.0
3146	2005.09.09	9550.0	9200.0	9700.0	9200.0	11890.0
3147	2005.09.08	9500.0	9550.0	10000.0	9200.0	22950.0
3148	2005.09.07	9300.0	9400.0	9590.0	9080.0	10777.0
3149	2005.09.06	9300.0	9250.0	9400.0	9010.0	7683.0
3150	2005.09.05	9000.0	9280.0	9350.0	8900.0	13690.0
3151	2005.09.02	8370.0	8990.0	9000.0	8370.0	8130.0
3152	2005.09.01	8650.0	8500.0	8700.0	8400.0	24956.0
3153	2005.08.31	8250.0	8450.0	8590.0	8250.0	1790.0
3154	2005.08.30	8590.0	8450.0	8640.0	8360.0	51668.0
3155	2005.08.29	8500.0	8300.0	8680.0	8200.0	12460.0
3156	2005.08.26	8690.0	8310.0	8690.0	8310.0	10720.0
3157	2005.08.25	8320.0	8370.0	8550.0	8310.0	5656.0
3158	2005.08.24	8400.0	8510.0	8790.0	8310.0	20092.0
3159	2005.08.23	8770.0	8500.0	8770.0	8480.0	3320.0
3160	2005.08.22	8300.0	8380.0	8660.0	8300.0	14236.0
3161	2005.08.19	8500.0	8390.0	8890.0	8390.0	14798.0
3162	2005.08.18	8760.0	8680.0	8760.0	8450.0	15170.0
3163	2005.08.17	8660.0	8600.0	9250.0	8600.0	143000.0
3164	2005.08.16	8050.0	8650.0	8700.0	8050.0	22060.0
3165	2005.08.12	7560.0	8050.0	8050.0	7510.0	67600.0
3166	2005.08.11	7700.0	7640.0	8180.0	7600.0	55305.0
3167	2005.08.10	7560.0	7810.0	8000.0	7410.0	76855.0
3168	2005.08.09	7220.0	7800.0	8080.0	7220.0	137730.0
3169	2005.08.08	7150.0	7350.0	7450.0	7150.0	57790.0
3170	2005.08.05	6900.0	7200.0	7490.0	6800.0	72600.0
3171	2005.08.04	7400.0	7250.0	7700.0	7240.0	72955.0
3172	2005.08.03	7350.0	7430.0	8400.0	7350.0	66311.0
3173	2005.08.02	7380.0	7400.0	7600.0	7320.0	26711.0
3174	2005.08.01	7040.0	7540.0	7590.0	7040.0	28250.0
3175	2005.07.29	6800.0	7300.0	7380.0	6800.0	34275.0
3176	2005.07.28	6800.0	6850.0	6970.0	6760.0	12140.0
3177	2005.07.27	7010.0	6900.0	7160.0	6760.0	20990.0
3178	2005.07.26	7010.0	7100.0	7640.0	7000.0	13240.0
3179	2005.07.25	7100.0	7180.0	7200.0	6840.0	91040.0
3180	2005.07.22	6980.0	6900.0	7100.0	6420.0	28720.0
3181	2005.07.21	6600.0	6990.0	7400.0	6600.0	38190.0
3182	2005.07.20	6350.0	6500.0	6590.0	6350.0	56100.0
3183	2005.07.19	6130.0	6450.0	6500.0	6100.0	68420.0
3184	2005.07.18	6130.0	6250.0	6300.0	6090.0	25090.0
3185	2005.07.15	6100.0	6200.0	6200.0	5980.0	20890.0
3186	2005.07.14	6100.0	6100.0	6100.0	5810.0	20720.0
3187	2005.07.13	6060.0	6100.0	6100.0	5640.0	35540.0
3188	2005.07.12	5940.0	6030.0	6100.0	5870.0	20270.0
3189	2005.07.11	6010.0	5920.0	6130.0	5850.0	16480.0
3190	2005.07.08	6100.0	6110.0	6150.0	6010.0	8620.0
3191	2005.07.07	6140.0	6100.0	6140.0	5960.0	21180.0
3192	2005.07.06	6150.0	6090.0	6150.0	5980.0	23260.0
3193	2005.07.05	5980.0	6070.0	6170.0	5980.0	27220.0
3194	2005.07.04	6050.0	6030.0	6080.0	6000.0	7470.0
3195	2005.07.01	6150.0	6130.0	6180.0	6030.0	11930.0
3196	2005.06.30	6020.0	6120.0	6150.0	5930.0	10750.0
3197	2005.06.29	6100.0	6100.0	6150.0	5990.0	33670.0
3198	2005.06.28	6100.0	6020.0	6100.0	6000.0	3970.0
3199	2005.06.27	5960.0	6020.0	6080.0	5960.0	6230.0
3200	2005.06.24	6010.0	6000.0	6100.0	6000.0	13780.0
3201	2005.06.23	6200.0	6100.0	6200.0	6050.0	5850.0
3202	2005.06.22	6150.0	6130.0	6150.0	5980.0	6510.0
3203	2005.06.21	6100.0	6100.0	6100.0	5860.0	32860.0
3204	2005.06.20	6140.0	6070.0	6140.0	5950.0	21090.0
3205	2005.06.17	6000.0	6100.0	6170.0	5990.0	13550.0
3206	2005.06.16	6090.0	6100.0	6150.0	5860.0	47010.0
3207	2005.06.15	6020.0	6090.0	6140.0	5900.0	43880.0
3208	2005.06.14	6100.0	6140.0	6200.0	5950.0	17420.0
3209	2005.06.13	6140.0	6200.0	6200.0	6000.0	15620.0
3210	2005.06.10	6490.0	6100.0	6490.0	6000.0	11740.0
3211	2005.06.09	6220.0	6170.0	6220.0	5860.0	25790.0
3212	2005.06.08	6390.0	6030.0	6390.0	6030.0	9080.0
3213	2005.06.07	6300.0	6190.0	6300.0	6030.0	22890.0
3214	2005.06.03	6360.0	6300.0	6360.0	6030.0	9110.0
3215	2005.06.02	6500.0	6250.0	6500.0	6150.0	14250.0
3216	2005.06.01	6280.0	6290.0	6300.0	6000.0	11020.0
3217	2005.05.31	6300.0	6280.0	6300.0	5710.0	52920.0
3218	2005.05.30	6190.0	6200.0	6200.0	6000.0	6800.0
3219	2005.05.27	6140.0	6050.0	6140.0	5760.0	8030.0
3220	2005.05.26	5590.0	5890.0	5940.0	5470.0	23410.0
3221	2005.05.25	5670.0	5520.0	5880.0	5520.0	19126.0
3222	2005.05.24	5600.0	5820.0	5830.0	5500.0	50240.0
3223	2005.05.23	5990.0	5860.0	5990.0	5750.0	1720.0
3224	2005.05.20	6000.0	5920.0	6000.0	5420.0	33080.0
3225	2005.05.19	5950.0	5800.0	5950.0	5620.0	28280.0
3226	2005.05.18	5900.0	5870.0	5900.0	5550.0	34700.0
3227	2005.05.17	5560.0	5800.0	5800.0	5560.0	22460.0
3228	2005.05.16	5700.0	5700.0	5700.0	5410.0	12070.0
3229	2005.05.13	5650.0	5680.0	5680.0	5200.0	14540.0
3230	2005.05.12	5260.0	5660.0	5660.0	5200.0	10760.0
3231	2005.05.11	5220.0	5460.0	5500.0	5200.0	18400.0
3232	2005.05.10	5200.0	5490.0	5490.0	5200.0	5720.0
3233	2005.05.09	5340.0	5490.0	5640.0	5300.0	2560.0
3234	2005.05.06	5380.0	5340.0	5480.0	5310.0	3313.0
3235	2005.05.04	5420.0	5540.0	5590.0	5420.0	173.0
3236	2005.05.03	5490.0	5600.0	5970.0	5190.0	12180.0
3237	2005.05.02	5500.0	5370.0	5670.0	5370.0	2503.0
3238	2005.04.29	5120.0	5500.0	5500.0	5120.0	11804.0
3239	2005.04.28	5470.0	5200.0	5650.0	5200.0	40090.0
3240	2005.04.27	5880.0	5690.0	5880.0	5160.0	9790.0
3241	2005.04.26	5830.0	5800.0	5840.0	5650.0	4720.0
3242	2005.04.25	6150.0	5760.0	6150.0	5690.0	18330.0
3243	2005.04.22	6150.0	5900.0	6150.0	5820.0	2710.0
3244	2005.04.21	5840.0	5940.0	5940.0	5800.0	3730.0
3245	2005.04.20	5790.0	5810.0	5950.0	5760.0	2749.0
3246	2005.04.19	5830.0	5840.0	6000.0	5830.0	19090.0
3247	2005.04.18	5780.0	5980.0	6000.0	5780.0	7400.0
3248	2005.04.15	5700.0	5940.0	5940.0	5700.0	6340.0
3249	2005.04.14	5930.0	5940.0	5950.0	5650.0	10740.0
3250	2005.04.13	6050.0	5950.0	6190.0	5950.0	17050.0
3251	2005.04.12	6010.0	6170.0	6250.0	6010.0	17070.0
3252	2005.04.11	5950.0	5980.0	6200.0	5950.0	45680.0
3253	2005.04.08	6120.0	5950.0	6120.0	5700.0	60980.0
3254	2005.04.07	6550.0	6010.0	6750.0	5920.0	58800.0
3255	2005.04.06	5560.0	6410.0	6410.0	5560.0	236341.0
3256	2005.04.04	5470.0	5580.0	5750.0	5320.0	31970.0
3257	2005.04.01	5400.0	5550.0	6180.0	5210.0	30880.0
3258	2005.03.31	5500.0	5400.0	5500.0	5250.0	6740.0
3259	2005.03.30	5010.0	5450.0	5590.0	5010.0	25770.0
3260	2005.03.29	4960.0	5110.0	5450.0	4260.0	44200.0
3261	2005.03.28	4970.0	5010.0	5010.0	4950.0	11400.0
3262	2005.03.25	4810.0	5000.0	5010.0	4810.0	10740.0
3263	2005.03.24	5000.0	4990.0	5020.0	4905.0	1810.0
3264	2005.03.23	5020.0	4995.0	5040.0	4910.0	4190.0
3265	2005.03.22	5000.0	5020.0	5090.0	4900.0	7580.0
3266	2005.03.21	5070.0	5030.0	5150.0	4740.0	12480.0
3267	2005.03.18	5050.0	5060.0	5190.0	5000.0	17180.0
3268	2005.03.17	4800.0	5190.0	5200.0	4800.0	20840.0
3269	2005.03.16	5040.0	4920.0	5040.0	4850.0	4725.0
3270	2005.03.15	4805.0	4850.0	4960.0	4805.0	11420.0
3271	2005.03.14	4905.0	4900.0	4995.0	4895.0	26360.0
3272	2005.03.11	4805.0	4995.0	4995.0	4805.0	18295.0
3273	2005.03.10	4800.0	4950.0	5020.0	4800.0	31730.0
3274	2005.03.09	4845.0	5000.0	5010.0	4600.0	47710.0
3275	2005.03.08	4715.0	4820.0	4930.0	4715.0	64000.0
3276	2005.03.07	4570.0	4705.0	4820.0	4535.0	56602.0
3277	2005.03.04	4540.0	4555.0	4560.0	4500.0	16170.0
3278	2005.03.03	4405.0	4510.0	4530.0	4400.0	25673.0
3279	2005.03.02	4545.0	4470.0	4560.0	4400.0	43830.0
3280	2005.02.28	4520.0	4480.0	4580.0	4480.0	15630.0
3281	2005.02.25	4455.0	4465.0	4530.0	4455.0	16310.0
3282	2005.02.24	4385.0	4485.0	4485.0	4385.0	14207.0
3283	2005.02.23	4490.0	4450.0	4490.0	4400.0	21280.0
3284	2005.02.22	4600.0	4495.0	4600.0	4485.0	26060.0
3285	2005.02.21	4530.0	4505.0	4535.0	4435.0	49710.0
3286	2005.02.18	4425.0	4450.0	4480.0	4415.0	23690.0
3287	2005.02.17	4500.0	4480.0	4520.0	4410.0	30820.0
3288	2005.02.16	4500.0	4480.0	4560.0	4475.0	27700.0
3289	2005.02.15	4465.0	4490.0	4525.0	4440.0	39660.0
3290	2005.02.14	4430.0	4465.0	4495.0	4390.0	34532.0
3291	2005.02.11	4415.0	4460.0	4465.0	4400.0	24850.0
3292	2005.02.07	4460.0	4480.0	4490.0	4415.0	30140.0
3293	2005.02.04	4530.0	4500.0	4580.0	4425.0	26740.0
3294	2005.02.03	4460.0	4430.0	4520.0	4430.0	34550.0
3295	2005.02.02	4545.0	4500.0	4600.0	4500.0	11100.0
3296	2005.02.01	4635.0	4610.0	4645.0	4540.0	26320.0
3297	2005.01.31	4695.0	4640.0	4695.0	4580.0	9050.0
3298	2005.01.28	4695.0	4630.0	4800.0	4560.0	19500.0
3299	2005.01.27	4650.0	4695.0	4700.0	4610.0	29050.0
3300	2005.01.26	4900.0	4795.0	4900.0	4690.0	4050.0
3301	2005.01.25	5000.0	4900.0	5000.0	4900.0	1010.0
3302	2005.01.24	4900.0	4900.0	4930.0	4850.0	12390.0
3303	2005.01.21	4800.0	4800.0	4820.0	4650.0	5190.0
3304	2005.01.20	4695.0	4740.0	4740.0	4450.0	41480.0
3305	2005.01.19	4480.0	4645.0	4645.0	4480.0	12580.0
3306	2005.01.18	4580.0	4560.0	4695.0	4560.0	14690.0
3307	2005.01.17	4560.0	4670.0	4670.0	4555.0	10620.0
3308	2005.01.14	4530.0	4620.0	4750.0	4530.0	82210.0
3309	2005.01.13	4605.0	4650.0	4655.0	4545.0	36890.0
3310	2005.01.12	4610.0	4680.0	4685.0	4610.0	4530.0
3311	2005.01.11	4650.0	4605.0	4750.0	4600.0	22470.0
3312	2005.01.10	4720.0	4750.0	4760.0	4680.0	11470.0
3313	2005.01.07	4750.0	4800.0	4800.0	4700.0	3240.0
3314	2005.01.06	4660.0	4775.0	4775.0	4640.0	10820.0
3315	2005.01.05	4700.0	4780.0	4800.0	4700.0	23640.0
3316	2005.01.04	4900.0	4825.0	4900.0	4825.0	1760.0
3317	2005.01.03	4900.0	4925.0	4945.0	4800.0	8520.0
3318	2004.12.30	4800.0	4900.0	4900.0	4800.0	6470.0
3319	2004.12.29	4680.0	4775.0	4890.0	4680.0	8933.0
3320	2004.12.28	4850.0	4800.0	4870.0	4800.0	2070.0
3321	2004.12.27	4890.0	4850.0	4890.0	4720.0	13160.0
3322	2004.12.24	5000.0	4890.0	5000.0	4640.0	6870.0
3323	2004.12.23	4705.0	4800.0	4825.0	4705.0	2060.0
3324	2004.12.22	4800.0	4810.0	4840.0	4650.0	8850.0
3325	2004.12.21	4650.0	4770.0	4885.0	4600.0	5550.0
3326	2004.12.20	4885.0	4885.0	4890.0	4880.0	2070.0
3327	2004.12.17	4810.0	4780.0	4990.0	4600.0	28790.0
3328	2004.12.16	5000.0	5000.0	5000.0	5000.0	20.0
3329	2004.12.15	4900.0	4890.0	5000.0	4805.0	5167.0
3330	2004.12.14	4850.0	4950.0	4950.0	4700.0	17410.0
3331	2004.12.13	4800.0	4830.0	4850.0	4600.0	16350.0
3332	2004.12.10	4630.0	4850.0	4850.0	4630.0	1250.0
3333	2004.12.09	4700.0	4710.0	4935.0	4700.0	5750.0
3334	2004.12.08	4850.0	4875.0	4900.0	4600.0	1960.0
3335	2004.12.07	4850.0	4655.0	4975.0	4655.0	2560.0
3336	2004.12.06	4995.0	4970.0	5000.0	4895.0	5510.0
3337	2004.12.03	4800.0	5000.0	5040.0	4800.0	7510.0
3338	2004.12.02	5070.0	5060.0	5100.0	4995.0	6570.0
3339	2004.12.01	5000.0	5070.0	5070.0	5000.0	25670.0
3340	2004.11.30	5040.0	5030.0	5060.0	5020.0	2840.0
3341	2004.11.29	5050.0	5040.0	5050.0	5000.0	3440.0
3342	2004.11.26	4940.0	5050.0	5050.0	4450.0	2120.0
3343	2004.11.25	5000.0	5060.0	5060.0	5000.0	12490.0
3344	2004.11.24	5140.0	4975.0	5140.0	4935.0	1060.0
3345	2004.11.23	4905.0	5140.0	5190.0	4905.0	8890.0
3346	2004.11.22	5100.0	5070.0	5100.0	5050.0	3150.0
3347	2004.11.19	5100.0	5100.0	5200.0	5050.0	3040.0
3348	2004.11.18	5100.0	5080.0	5100.0	5080.0	2790.0
3349	2004.11.17	5050.0	5100.0	5100.0	5050.0	5480.0
3350	2004.11.16	4775.0	5040.0	5040.0	4775.0	1700.0
3351	2004.11.15	5100.0	5070.0	5100.0	5000.0	2670.0
3352	2004.11.12	4870.0	5050.0	5050.0	4870.0	7530.0
3353	2004.11.11	4800.0	4870.0	4970.0	4760.0	10860.0
3354	2004.11.10	4955.0	4920.0	5040.0	4900.0	29130.0
3355	2004.11.09	4910.0	5130.0	5130.0	4910.0	2880.0
3356	2004.11.08	5160.0	5000.0	5200.0	4915.0	27660.0
3357	2004.11.05	5100.0	5200.0	5200.0	5050.0	5830.0
3358	2004.11.04	5200.0	5150.0	5260.0	4990.0	30100.0
3359	2004.11.03	4955.0	5080.0	5090.0	4955.0	5850.0
3360	2004.11.02	5090.0	5090.0	5100.0	4885.0	13800.0
3361	2004.11.01	5090.0	5080.0	5220.0	5030.0	21080.0
3362	2004.10.29	5170.0	5090.0	5170.0	4950.0	27300.0
3363	2004.10.28	4905.0	4995.0	5080.0	4815.0	22450.0
3364	2004.10.27	4850.0	4900.0	4945.0	4740.0	9570.0
3365	2004.10.26	4900.0	4950.0	5000.0	4700.0	17350.0
3366	2004.10.25	4760.0	4800.0	4900.0	4700.0	10070.0
3367	2004.10.22	4650.0	4900.0	4900.0	4650.0	32950.0
3368	2004.10.21	4700.0	4650.0	4745.0	4510.0	23820.0
3369	2004.10.20	4500.0	4695.0	4700.0	4400.0	17760.0
3370	2004.10.19	4350.0	4525.0	4560.0	4300.0	30980.0
3371	2004.10.18	4330.0	4350.0	4420.0	4300.0	5550.0
3372	2004.10.15	4320.0	4425.0	4470.0	4320.0	4740.0
3373	2004.10.14	4450.0	4470.0	4500.0	4400.0	6660.0
3374	2004.10.13	4470.0	4485.0	4500.0	4470.0	4440.0
3375	2004.10.12	4310.0	4450.0	4450.0	4300.0	22050.0
3376	2004.10.11	4410.0	4400.0	4450.0	4340.0	12050.0
3377	2004.10.08	4420.0	4450.0	4490.0	4300.0	18760.0
3378	2004.10.07	4440.0	4405.0	4440.0	4320.0	7770.0
3379	2004.10.06	4310.0	4440.0	4450.0	4300.0	9000.0
3380	2004.10.05	4350.0	4410.0	4500.0	4300.0	19700.0
3381	2004.10.04	4500.0	4400.0	4590.0	4290.0	15460.0
3382	2004.10.01	4540.0	4540.0	4600.0	4480.0	2120.0
3383	2004.09.30	4490.0	4540.0	4555.0	4490.0	11430.0
3384	2004.09.24	4305.0	4550.0	4565.0	4305.0	1260.0
3385	2004.09.23	4370.0	4495.0	4520.0	4230.0	11930.0
3386	2004.09.22	4560.0	4460.0	4600.0	4380.0	8370.0
3387	2004.09.21	4590.0	4560.0	4650.0	4505.0	7230.0
3388	2004.09.20	4775.0	4590.0	4875.0	4590.0	16270.0
3389	2004.09.17	4785.0	4775.0	4990.0	4775.0	11990.0
3390	2004.09.16	4860.0	4940.0	4940.0	4410.0	12540.0
3391	2004.09.15	4980.0	4860.0	4980.0	4860.0	8650.0
3392	2004.09.14	5040.0	5010.0	5040.0	4910.0	8750.0
3393	2004.09.13	4950.0	5040.0	5190.0	4950.0	18240.0
3394	2004.09.10	4900.0	5000.0	5000.0	4870.0	8690.0
3395	2004.09.09	4810.0	4900.0	4900.0	4725.0	11160.0
3396	2004.09.08	4850.0	4790.0	4880.0	4765.0	16460.0
3397	2004.09.07	4900.0	4800.0	4960.0	4720.0	15900.0
3398	2004.09.06	4850.0	4900.0	5100.0	4820.0	32141.0
3399	2004.09.03	4890.0	4920.0	5100.0	4820.0	29100.0
3400	2004.09.02	4630.0	4830.0	4850.0	4630.0	28860.0
3401	2004.09.01	4570.0	4685.0	4785.0	4530.0	31712.0
3402	2004.08.31	4650.0	4630.0	4650.0	4600.0	2680.0
3403	2004.08.30	4550.0	4605.0	4645.0	4550.0	6930.0
3404	2004.08.27	4510.0	4550.0	4620.0	4510.0	3170.0
3405	2004.08.26	4385.0	4580.0	4650.0	4385.0	6450.0
3406	2004.08.25	4640.0	4600.0	4640.0	4550.0	12395.0
3407	2004.08.24	4570.0	4620.0	4620.0	4560.0	24470.0
3408	2004.08.23	4510.0	4570.0	4640.0	4510.0	8892.0
3409	2004.08.20	4610.0	4595.0	4610.0	4500.0	3400.0
3410	2004.08.19	4460.0	4600.0	4600.0	4460.0	15140.0
3411	2004.08.18	4700.0	4565.0	4700.0	4550.0	12750.0
3412	2004.08.17	4530.0	4680.0	4690.0	4530.0	840.0
3413	2004.08.16	4660.0	4700.0	4850.0	4660.0	5890.0
3414	2004.08.13	4530.0	4660.0	4670.0	4505.0	15920.0
3415	2004.08.12	4710.0	4670.0	4710.0	4620.0	4170.0
3416	2004.08.11	4505.0	4650.0	4700.0	4460.0	75860.0
3417	2004.08.10	4600.0	4575.0	4630.0	4450.0	21100.0
3418	2004.08.09	4520.0	4565.0	4700.0	4450.0	10650.0
3419	2004.08.06	4690.0	4540.0	4710.0	4540.0	19090.0
3420	2004.08.05	4610.0	4740.0	4745.0	4610.0	46300.0
3421	2004.08.04	4600.0	4750.0	4750.0	4520.0	17540.0
3422	2004.08.03	4580.0	4750.0	4800.0	4480.0	23250.0
3423	2004.08.02	4520.0	4555.0	4580.0	4450.0	32420.0
3424	2004.07.30	4570.0	4525.0	4645.0	4500.0	10337.0
3425	2004.07.29	4605.0	4570.0	4655.0	4420.0	22180.0
3426	2004.07.28	4700.0	4670.0	4840.0	4600.0	10130.0
3427	2004.07.27	4745.0	4770.0	4785.0	4690.0	6990.0
3428	2004.07.26	4660.0	4895.0	4895.0	4660.0	8810.0
3429	2004.07.23	4670.0	4720.0	4750.0	4600.0	10800.0
3430	2004.07.22	4735.0	4780.0	4780.0	4700.0	21750.0
3431	2004.07.21	4850.0	4750.0	4850.0	4700.0	11610.0
3432	2004.07.20	4900.0	4860.0	4900.0	4670.0	26140.0
3433	2004.07.19	4840.0	4880.0	4900.0	4750.0	9970.0
3434	2004.07.16	4775.0	4840.0	4900.0	4730.0	25580.0
3435	2004.07.15	4750.0	4780.0	4850.0	4630.0	12920.0
3436	2004.07.14	4850.0	4730.0	4900.0	4730.0	14850.0
3437	2004.07.13	4735.0	4850.0	4850.0	4630.0	25680.0
3438	2004.07.12	4650.0	4725.0	4750.0	4650.0	18680.0
3439	2004.07.09	4500.0	4695.0	4695.0	4450.0	8120.0
3440	2004.07.08	4455.0	4525.0	4700.0	4455.0	6168.0
3441	2004.07.07	4450.0	4500.0	4585.0	4445.0	5370.0
3442	2004.07.06	4645.0	4585.0	4645.0	4490.0	420.0
3443	2004.07.05	4440.0	4585.0	4600.0	4400.0	5890.0
3444	2004.07.02	4645.0	4685.0	4745.0	4500.0	1000.0
3445	2004.07.01	4775.0	4645.0	4775.0	4550.0	5260.0
3446	2004.06.30	4630.0	4775.0	4800.0	4550.0	2580.0
3447	2004.06.29	4535.0	4700.0	4750.0	4535.0	600.0
3448	2004.06.28	4455.0	4580.0	4630.0	4455.0	7820.0
3449	2004.06.25	4620.0	4590.0	4620.0	4400.0	2610.0
3450	2004.06.24	4370.0	4550.0	4550.0	4370.0	13920.0
3451	2004.06.23	4400.0	4400.0	4590.0	4400.0	8410.0
3452	2004.06.22	4500.0	4500.0	4550.0	4320.0	3173.0
3453	2004.06.21	4330.0	4425.0	4430.0	4330.0	8671.0
3454	2004.06.18	4265.0	4330.0	4445.0	4265.0	1500.0
3455	2004.06.17	4430.0	4330.0	4650.0	4330.0	9376.0
3456	2004.06.16	4285.0	4500.0	4500.0	4150.0	21110.0
3457	2004.06.15	4370.0	4350.0	4600.0	4285.0	25360.0
3458	2004.06.14	4450.0	4445.0	4540.0	4400.0	12270.0
3459	2004.06.11	4560.0	4540.0	4600.0	4350.0	11320.0
3460	2004.06.10	4750.0	4560.0	4775.0	4560.0	16740.0
3461	2004.06.09	4890.0	4730.0	4920.0	4730.0	21520.0
3462	2004.06.08	4920.0	4900.0	5040.0	4770.0	23510.0
3463	2004.06.07	5080.0	5030.0	5150.0	4950.0	15010.0
3464	2004.06.04	5200.0	5070.0	5490.0	4900.0	72470.0
3465	2004.06.03	5000.0	5050.0	5190.0	4950.0	21890.0
3466	2004.06.02	4650.0	4920.0	5050.0	4650.0	50990.0
3467	2004.06.01	4675.0	4700.0	4825.0	4675.0	17640.0
3468	2004.05.31	4765.0	4780.0	4845.0	4640.0	12750.0
3469	2004.05.28	4860.0	4830.0	4930.0	4755.0	32370.0
3470	2004.05.27	4890.0	4840.0	4995.0	4630.0	22690.0
3471	2004.05.25	5100.0	4905.0	5100.0	4755.0	34660.0
3472	2004.05.24	5120.0	5070.0	5340.0	5050.0	33981.0
3473	2004.05.21	5090.0	5100.0	5500.0	5000.0	60089.0
3474	2004.05.20	5000.0	4990.0	5100.0	4805.0	30970.0
3475	2004.05.19	4670.0	5000.0	5250.0	4670.0	69430.0
3476	2004.05.18	4490.0	4660.0	4660.0	4410.0	25630.0
3477	2004.05.17	4400.0	4410.0	4670.0	4275.0	28360.0
3478	2004.05.14	4240.0	4420.0	4725.0	4240.0	8070.0
3479	2004.05.13	4500.0	4200.0	4560.0	4200.0	28983.0
3480	2004.05.12	4210.0	4560.0	4650.0	4210.0	30580.0
3481	2004.05.11	4120.0	4210.0	4600.0	4120.0	18133.0
3482	2004.05.10	4130.0	4120.0	4200.0	4050.0	30980.0
3483	2004.05.07	4135.0	4200.0	4200.0	4020.0	11311.0
3484	2004.05.06	4300.0	4135.0	4300.0	4115.0	20330.0
3485	2004.05.04	4250.0	4140.0	4400.0	4070.0	41910.0
3486	2004.05.03	4100.0	4145.0	4145.0	4040.0	37266.0
3487	2004.04.30	4000.0	4120.0	4120.0	4000.0	16920.0
3488	2004.04.29	4030.0	4020.0	4080.0	4015.0	32100.0
3489	2004.04.28	4020.0	4005.0	4080.0	4005.0	6000.0
3490	2004.04.27	4080.0	4100.0	4110.0	4020.0	25090.0
3491	2004.04.26	4050.0	4050.0	4140.0	4000.0	47220.0
3492	2004.04.23	4145.0	4135.0	4145.0	4000.0	25260.0
3493	2004.04.22	4010.0	4130.0	4290.0	4010.0	28210.0
3494	2004.04.21	4050.0	4120.0	4185.0	4050.0	12680.0
3495	2004.04.20	4005.0	4070.0	4080.0	3940.0	43770.0
3496	2004.04.19	4000.0	4020.0	4230.0	3945.0	42500.0
3497	2004.04.16	4060.0	4000.0	4060.0	3990.0	29710.0
3498	2004.04.14	4060.0	4095.0	4140.0	4000.0	25330.0
3499	2004.04.13	4050.0	4100.0	4140.0	4030.0	57200.0
3500	2004.04.12	4000.0	4100.0	4150.0	4000.0	28900.0
3501	2004.04.09	4070.0	4085.0	4095.0	4000.0	2550.0
3502	2004.04.08	4120.0	4135.0	4200.0	4075.0	33660.0
3503	2004.04.07	4005.0	4120.0	4140.0	4000.0	24780.0
3504	2004.04.06	4100.0	4035.0	4100.0	3970.0	20360.0
3505	2004.04.02	4040.0	4095.0	4100.0	3850.0	54500.0
3506	2004.04.01	4160.0	4070.0	4280.0	4000.0	56890.0
3507	2004.03.31	4280.0	4160.0	4280.0	4090.0	15850.0
3508	2004.03.30	4100.0	4200.0	4200.0	4070.0	20980.0
3509	2004.03.29	4055.0	4105.0	4170.0	4000.0	20690.0
3510	2004.03.26	4210.0	4110.0	4290.0	4040.0	28290.0
3511	2004.03.25	4290.0	4210.0	4350.0	4140.0	14330.0
3512	2004.03.24	4290.0	4190.0	4290.0	4180.0	22620.0
3513	2004.03.23	4300.0	4290.0	4360.0	4200.0	13840.0
3514	2004.03.22	4330.0	4330.0	4410.0	4205.0	21540.0
3515	2004.03.19	4400.0	4400.0	4435.0	4360.0	9870.0
3516	2004.03.18	4320.0	4435.0	4450.0	4290.0	39270.0
3517	2004.03.17	4340.0	4395.0	4400.0	4290.0	15520.0
3518	2004.03.16	4275.0	4330.0	4340.0	4175.0	31447.0
3519	2004.03.15	4320.0	4280.0	4495.0	4280.0	32060.0
3520	2004.03.12	4260.0	4320.0	4320.0	4100.0	53003.0
3521	2004.03.11	4050.0	4260.0	4300.0	4050.0	24150.0
3522	2004.03.10	4200.0	4070.0	4360.0	4070.0	31200.0
3523	2004.03.09	4080.0	4300.0	4300.0	4040.0	14450.0
3524	2004.03.08	4270.0	4160.0	4365.0	4100.0	11710.0
3525	2004.03.05	4400.0	4350.0	4470.0	4295.0	8010.0
3526	2004.03.04	4300.0	4415.0	4425.0	4295.0	26520.0
3527	2004.03.03	4340.0	4380.0	4500.0	4340.0	21650.0
3528	2004.03.02	4410.0	4340.0	4500.0	4305.0	20960.0
3529	2004.02.27	4115.0	4410.0	4410.0	4075.0	27200.0
3530	2004.02.26	4130.0	4100.0	4285.0	4050.0	26180.0
3531	2004.02.25	4100.0	4050.0	4700.0	4050.0	49160.0
3532	2004.02.24	4210.0	4190.0	4220.0	4050.0	9390.0
3533	2004.02.23	4120.0	4180.0	4200.0	3955.0	20570.0
3534	2004.02.20	3940.0	4190.0	4210.0	3910.0	32050.0
3535	2004.02.19	4000.0	4000.0	4000.0	3860.0	8770.0
3536	2004.02.18	3920.0	3950.0	4050.0	3580.0	23170.0
3537	2004.02.17	3950.0	4000.0	4000.0	3880.0	13630.0
3538	2004.02.16	3920.0	3930.0	3985.0	3865.0	14120.0
3539	2004.02.13	3940.0	3980.0	4000.0	3850.0	14560.0
3540	2004.02.12	3860.0	3920.0	3990.0	3855.0	9150.0
3541	2004.02.11	3950.0	3905.0	4000.0	3855.0	8350.0
3542	2004.02.10	4100.0	4000.0	4180.0	4000.0	13560.0
3543	2004.02.09	3900.0	4170.0	4195.0	3900.0	18670.0
3544	2004.02.06	3705.0	4100.0	4100.0	3580.0	33080.0
3545	2004.02.05	3975.0	3725.0	3980.0	3600.0	69572.0
3546	2004.02.04	3960.0	4015.0	4600.0	3960.0	268211.0
3547	2004.02.03	3860.0	4000.0	4070.0	3860.0	8030.0
3548	2004.02.02	3845.0	3950.0	4200.0	3845.0	14631.0
3549	2004.01.30	3975.0	3900.0	3975.0	3800.0	4540.0
3550	2004.01.29	4000.0	3900.0	4000.0	3750.0	4400.0
3551	2004.01.28	4050.0	3900.0	4100.0	3900.0	13390.0
3552	2004.01.27	3730.0	3990.0	4000.0	3730.0	11790.0
3553	2004.01.26	4300.0	3860.0	4300.0	3355.0	6050.0
3554	2004.01.20	3800.0	3900.0	3900.0	3715.0	7500.0
3555	2004.01.19	3725.0	3850.0	3850.0	3725.0	8290.0
3556	2004.01.16	3735.0	3850.0	3880.0	3700.0	39470.0
3557	2004.01.15	3755.0	3850.0	3850.0	3700.0	22290.0
3558	2004.01.14	3800.0	3850.0	3850.0	3700.0	13340.0
3559	2004.01.13	3795.0	3880.0	3940.0	3750.0	9450.0
3560	2004.01.12	3950.0	3840.0	3950.0	3770.0	8150.0
3561	2004.01.09	3600.0	3850.0	3880.0	3530.0	19030.0
3562	2004.01.08	3795.0	3700.0	3795.0	3525.0	13220.0
3563	2004.01.07	3850.0	3680.0	3850.0	3675.0	4420.0
3564	2004.01.06	3795.0	3780.0	4000.0	3650.0	12970.0
3565	2004.01.05	3710.0	3785.0	3795.0	3700.0	12680.0
3566	2004.01.02	3710.0	3790.0	3870.0	3710.0	14270.0
3567	2003.12.30	3710.0	3800.0	3845.0	3710.0	23550.0
3568	2003.12.29	3540.0	3800.0	4080.0	3540.0	6700.0
3569	2003.12.26	3470.0	3670.0	3670.0	3430.0	34790.0
3570	2003.12.24	3490.0	3500.0	3600.0	3475.0	11280.0
3571	2003.12.23	3510.0	3590.0	3690.0	3510.0	10900.0
3572	2003.12.22	3550.0	3565.0	3600.0	3490.0	18870.0
3573	2003.12.19	3700.0	3600.0	3700.0	3595.0	7420.0
3574	2003.12.18	3655.0	3700.0	3800.0	3655.0	21920.0
3575	2003.12.17	3695.0	3710.0	3850.0	3650.0	32140.0
3576	2003.12.16	3465.0	3800.0	4025.0	3465.0	57700.0
3577	2003.12.15	3325.0	3530.0	3600.0	3300.0	15260.0
3578	2003.12.12	3570.0	3325.0	3570.0	3240.0	18160.0
3579	2003.12.11	3090.0	3360.0	3390.0	3090.0	13110.0
3580	2003.12.10	3145.0	3180.0	3220.0	3100.0	19392.0
3581	2003.12.09	3090.0	3145.0	3150.0	3005.0	31178.0
3582	2003.12.08	2955.0	3000.0	3100.0	2940.0	50248.0
3583	2003.12.05	2890.0	2945.0	3285.0	2890.0	258978.0
3584	2003.12.04	3410.0	3395.0	3500.0	3290.0	8762.0
3585	2003.12.03	3495.0	3460.0	3495.0	3400.0	760.0
3586	2003.12.02	3380.0	3485.0	3600.0	3370.0	17130.0
3587	2003.12.01	3400.0	3450.0	3460.0	3365.0	2540.0
3588	2003.11.28	3340.0	3400.0	3570.0	3330.0	6440.0
3589	2003.11.27	3460.0	3340.0	3475.0	3340.0	8770.0
3590	2003.11.26	3480.0	3485.0	3490.0	3300.0	7700.0
3591	2003.11.25	3410.0	3485.0	3500.0	3400.0	4310.0
3592	2003.11.24	3390.0	3460.0	3480.0	3390.0	4600.0
3593	2003.11.21	3505.0	3460.0	3595.0	3460.0	2450.0
3594	2003.11.20	3410.0	3560.0	3570.0	3410.0	6590.0
3595	2003.11.19	3500.0	3510.0	3595.0	3395.0	23490.0
3596	2003.11.18	3550.0	3520.0	3640.0	3510.0	14322.0
3597	2003.11.17	3600.0	3600.0	3640.0	3480.0	11350.0
3598	2003.11.14	3540.0	3600.0	3685.0	3400.0	27800.0
3599	2003.11.13	3690.0	3515.0	3690.0	3380.0	26040.0
3600	2003.11.12	3760.0	3590.0	3985.0	3285.0	20192.0
3601	2003.11.11	3850.0	3815.0	3900.0	3800.0	10750.0
3602	2003.11.10	3780.0	3895.0	4100.0	3750.0	20070.0
3603	2003.11.07	3850.0	3770.0	4300.0	3770.0	5930.0
3604	2003.11.06	3730.0	3800.0	3900.0	3695.0	13990.0
3605	2003.11.05	3730.0	3785.0	3800.0	3605.0	32060.0
3606	2003.11.04	3745.0	3785.0	3840.0	3705.0	1830.0
3607	2003.11.03	4055.0	3800.0	4055.0	3700.0	4250.0
3608	2003.10.31	3715.0	3860.0	3940.0	3620.0	12800.0
3609	2003.10.30	3700.0	3900.0	3900.0	3530.0	26940.0
3610	2003.10.29	3410.0	3625.0	3650.0	3410.0	28695.0
3611	2003.10.28	3740.0	3690.0	3740.0	3455.0	17600.0
3612	2003.10.27	3690.0	3690.0	3690.0	3690.0	200.0
3613	2003.10.24	3690.0	3690.0	3695.0	3555.0	2720.0
3614	2003.10.23	3690.0	3595.0	3690.0	3450.0	9060.0
3615	2003.10.22	3590.0	3560.0	3675.0	3560.0	1170.0
3616	2003.10.21	3800.0	3630.0	3850.0	3630.0	12362.0
3617	2003.10.20	3850.0	3830.0	3850.0	3715.0	3500.0
3618	2003.10.17	3890.0	3850.0	3900.0	3770.0	12450.0
3619	2003.10.16	3835.0	3850.0	3850.0	3720.0	11110.0
3620	2003.10.15	3690.0	3800.0	3800.0	3670.0	7490.0
3621	2003.10.14	3680.0	3745.0	3745.0	3620.0	9097.0
3622	2003.10.13	3615.0	3635.0	3720.0	3570.0	7720.0
3623	2003.10.10	3600.0	3610.0	3700.0	3450.0	18139.0
3624	2003.10.09	3750.0	3620.0	3800.0	3620.0	16120.0
3625	2003.10.08	3730.0	3715.0	3860.0	3615.0	20180.0
3626	2003.10.07	4150.0	3700.0	4150.0	3700.0	15018.0
3627	2003.10.06	3855.0	3900.0	3985.0	3790.0	28151.0
3628	2003.10.02	4060.0	4090.0	4110.0	3900.0	17791.0
3629	2003.10.01	3820.0	4110.0	4170.0	3820.0	34051.0
3630	2003.09.30	3600.0	4100.0	4140.0	3550.0	97870.0
3631	2003.09.29	3405.0	3600.0	3690.0	3405.0	19779.0
3632	2003.09.26	3210.0	3455.0	3835.0	3210.0	30250.0
3633	2003.09.25	3300.0	3350.0	3450.0	3300.0	16860.0
3634	2003.09.24	3275.0	3350.0	3385.0	3275.0	19970.0
3635	2003.09.23	3205.0	3350.0	3350.0	3205.0	9141.0
3636	2003.09.22	3350.0	3350.0	3385.0	3100.0	27830.0
3637	2003.09.19	3315.0	3350.0	3435.0	3315.0	16520.0
3638	2003.09.18	3360.0	3395.0	3480.0	3310.0	10890.0
3639	2003.09.17	3500.0	3380.0	3500.0	3380.0	20010.0
3640	2003.09.16	3345.0	3485.0	3500.0	3345.0	57560.0
3641	2003.09.15	3420.0	3410.0	3460.0	3355.0	14510.0
3642	2003.09.09	3480.0	3410.0	3480.0	3340.0	19410.0
3643	2003.09.08	3420.0	3400.0	3480.0	3350.0	21690.0
3644	2003.09.05	3370.0	3410.0	3500.0	3330.0	50630.0
3645	2003.09.04	3380.0	3425.0	3475.0	3340.0	31750.0
3646	2003.09.03	3380.0	3440.0	3490.0	3350.0	71200.0
3647	2003.09.02	3490.0	3440.0	3520.0	3380.0	37680.0
3648	2003.09.01	3425.0	3360.0	3520.0	3215.0	35541.0
3649	2003.08.29	3430.0	3400.0	3520.0	3330.0	45650.0
3650	2003.08.28	3280.0	3395.0	3450.0	3275.0	60509.0
3651	2003.08.27	3400.0	3290.0	3400.0	3260.0	28761.0
3652	2003.08.26	3360.0	3340.0	3550.0	3200.0	133910.0
3653	2003.08.25	3150.0	3265.0	3360.0	3150.0	32410.0
3654	2003.08.22	3050.0	3200.0	3200.0	3040.0	32570.0
3655	2003.08.21	3085.0	3070.0	3250.0	2950.0	31260.0
3656	2003.08.20	3135.0	3180.0	3325.0	3135.0	49020.0
3657	2003.08.19	3200.0	3180.0	3210.0	3120.0	33530.0
3658	2003.08.18	2990.0	3160.0	3200.0	2990.0	36220.0
3659	2003.08.14	2845.0	3020.0	3080.0	2845.0	24860.0
3660	2003.08.13	2795.0	2890.0	2910.0	2795.0	12280.0
3661	2003.08.12	2800.0	2840.0	2900.0	2800.0	7410.0
3662	2003.08.11	2925.0	2860.0	2925.0	2795.0	15111.0
3663	2003.08.08	2810.0	2835.0	2890.0	2800.0	21920.0
3664	2003.08.07	2750.0	2830.0	2945.0	2750.0	14450.0
3665	2003.08.06	2650.0	2790.0	2790.0	2650.0	56630.0
3666	2003.08.05	2730.0	2735.0	2870.0	2720.0	8100.0
3667	2003.08.04	2750.0	2730.0	2780.0	2730.0	12489.0
3668	2003.08.01	2700.0	2730.0	2750.0	2690.0	46730.0
3669	2003.07.31	2625.0	2700.0	2750.0	2625.0	33828.0
3670	2003.07.30	2695.0	2710.0	2850.0	2650.0	39579.0
3671	2003.07.29	2770.0	2730.0	2845.0	2645.0	27560.0
3672	2003.07.28	2800.0	2765.0	2865.0	2745.0	57229.0
3673	2003.07.25	2630.0	2750.0	2790.0	2585.0	57019.0
3674	2003.07.24	2590.0	2685.0	2690.0	2580.0	58730.0
3675	2003.07.23	2660.0	2620.0	2820.0	2620.0	51520.0
3676	2003.07.22	2570.0	2700.0	2850.0	2550.0	72920.0
3677	2003.07.21	2710.0	2700.0	2890.0	2410.0	57351.0
3678	2003.07.18	2805.0	2750.0	2950.0	2650.0	69342.0
3679	2003.07.16	2820.0	2950.0	2990.0	2810.0	67899.0
3680	2003.07.15	2950.0	2820.0	3050.0	2815.0	123563.0
3681	2003.07.14	3150.0	2980.0	3200.0	2950.0	175360.0
3682	2003.07.11	3140.0	3190.0	3250.0	3050.0	149820.0
3683	2003.07.10	2790.0	3200.0	3200.0	2790.0	534950.0
3684	2003.07.09	2855.0	2785.0	2885.0	2730.0	300440.0
3685	2003.07.08	3010.0	2900.0	3090.0	2900.0	197071.0
3686	2003.07.07	3150.0	2950.0	3290.0	2870.0	440530.0
3687	2003.07.04	3490.0	3210.0	3650.0	3120.0	541740.0
3688	2003.07.03	3300.0	3400.0	3400.0	3050.0	327200.0
3689	2003.07.02	3450.0	3200.0	3480.0	3110.0	581513.0
3690	2003.07.01	2930.0	3235.0	3235.0	2905.0	653900.0
3691	2003.06.30	2535.0	2815.0	2815.0	2445.0	448698.0
3692	2003.06.27	2350.0	2450.0	2535.0	2350.0	109700.0
3693	2003.06.26	2390.0	2360.0	2415.0	2345.0	47998.0
3694	2003.06.25	2380.0	2390.0	2440.0	2350.0	18580.0
3695	2003.06.24	2170.0	2380.0	2540.0	2170.0	146540.0
3696	2003.06.23	2255.0	2250.0	2320.0	2250.0	29340.0
3697	2003.06.20	2255.0	2290.0	2355.0	2250.0	29090.0
3698	2003.06.19	2270.0	2310.0	2360.0	2270.0	30770.0
3699	2003.06.18	2365.0	2320.0	2365.0	2295.0	33980.0
3700	2003.06.17	2405.0	2380.0	2430.0	2370.0	54290.0
3701	2003.06.16	2470.0	2420.0	2500.0	2390.0	43800.0
3702	2003.06.13	2400.0	2400.0	2450.0	2350.0	48261.0
3703	2003.06.12	2455.0	2425.0	2500.0	2350.0	59630.0
3704	2003.06.11	2260.0	2430.0	2480.0	2250.0	117320.0
3705	2003.06.10	2260.0	2260.0	2315.0	2190.0	127601.0
3706	2003.06.09	2110.0	2260.0	2300.0	2110.0	105600.0
3707	2003.06.05	2145.0	2135.0	2145.0	2100.0	20331.0
3708	2003.06.04	2155.0	2090.0	2175.0	2080.0	16830.0
3709	2003.06.03	2100.0	2150.0	2165.0	2100.0	36464.0
3710	2003.06.02	2030.0	2135.0	2175.0	2030.0	28937.0
3711	2003.05.30	2030.0	2050.0	2050.0	2030.0	27970.0
3712	2003.05.29	2050.0	2030.0	2075.0	2020.0	28330.0
3713	2003.05.28	1995.0	2035.0	2050.0	1995.0	36367.0
3714	2003.05.27	2020.0	1990.0	2040.0	1975.0	31940.0
3715	2003.05.26	2005.0	2020.0	2030.0	1970.0	23610.0
3716	2003.05.23	1975.0	2000.0	2010.0	1955.0	24430.0
3717	2003.05.22	1945.0	1960.0	1975.0	1925.0	23190.0
3718	2003.05.21	1935.0	1940.0	1995.0	1935.0	20460.0
3719	2003.05.20	1985.0	1940.0	1985.0	1900.0	19830.0
3720	2003.05.19	2005.0	1990.0	2050.0	1940.0	25100.0
3721	2003.05.16	2075.0	2020.0	2130.0	2000.0	48790.0
3722	2003.05.15	2075.0	2095.0	2100.0	2050.0	22400.0
3723	2003.05.14	2075.0	2075.0	2100.0	2050.0	8340.0
3724	2003.05.13	2140.0	2075.0	2140.0	2045.0	33697.0
3725	2003.05.12	2100.0	2095.0	2120.0	2050.0	28850.0
3726	2003.05.09	2050.0	2025.0	2050.0	2010.0	16640.0
3727	2003.05.07	2015.0	2005.0	2085.0	2000.0	35720.0
3728	2003.05.06	2010.0	2005.0	2050.0	1995.0	35800.0
3729	2003.05.02	2030.0	2030.0	2070.0	2000.0	37460.0
3730	2003.04.30	2145.0	1975.0	2145.0	1975.0	29190.0
3731	2003.04.29	2000.0	1980.0	2030.0	1940.0	56790.0
3732	2003.04.28	1850.0	1955.0	2110.0	1850.0	39280.0
3733	2003.04.25	2120.0	2030.0	2120.0	1910.0	42740.0
3734	2003.04.24	2170.0	2185.0	2185.0	2090.0	38430.0
3735	2003.04.23	2205.0	2205.0	2235.0	2100.0	28330.0
3736	2003.04.22	2255.0	2200.0	2340.0	2165.0	35160.0
3737	2003.04.21	2280.0	2250.0	2400.0	2225.0	104893.0
3738	2003.04.18	2190.0	2215.0	2240.0	2180.0	22930.0
3739	2003.04.17	2170.0	2180.0	2280.0	2135.0	31600.0
3740	2003.04.16	2120.0	2175.0	2175.0	2090.0	43790.0
3741	2003.04.15	2090.0	2065.0	2130.0	2045.0	59460.0
3742	2003.04.14	2050.0	2065.0	2065.0	2010.0	65900.0
3743	2003.04.11	1970.0	2000.0	2025.0	1970.0	26870.0
3744	2003.04.10	1960.0	1960.0	2020.0	1950.0	26600.0
3745	2003.04.09	2040.0	1985.0	2070.0	1940.0	42850.0
3746	2003.04.08	2060.0	2030.0	2070.0	1970.0	72360.0
3747	2003.04.07	2040.0	2030.0	2040.0	1980.0	76670.0
3748	2003.04.04	2040.0	1980.0	2040.0	1860.0	76430.0
3749	2003.04.03	1925.0	1940.0	2050.0	1890.0	75630.0
3750	2003.04.02	1840.0	1865.0	1900.0	1810.0	40930.0
3751	2003.04.01	1800.0	1850.0	1870.0	1790.0	28370.0
3752	2003.03.31	1860.0	1850.0	1900.0	1800.0	26338.0
3753	2003.03.28	1905.0	1920.0	1940.0	1880.0	27390.0
3754	2003.03.27	1940.0	1955.0	1960.0	1870.0	28100.0
3755	2003.03.26	1990.0	1970.0	2100.0	1965.0	42870.0
3756	2003.03.25	2000.0	1970.0	2015.0	1930.0	27567.0
3757	2003.03.24	2050.0	2060.0	2200.0	1960.0	182913.0
3758	2003.03.21	1960.0	1955.0	2040.0	1890.0	68470.0
3759	2003.03.20	1735.0	1960.0	1960.0	1720.0	66550.0
3760	2003.03.19	1740.0	1730.0	1800.0	1715.0	23330.0
3761	2003.03.18	1700.0	1770.0	1820.0	1660.0	59450.0
3762	2003.03.17	1785.0	1620.0	1845.0	1620.0	15490.0
3763	2003.03.14	1810.0	1800.0	1870.0	1755.0	41630.0
3764	2003.03.13	1805.0	1730.0	1845.0	1700.0	21290.0
3765	2003.03.12	1740.0	1805.0	1850.0	1740.0	21670.0
3766	2003.03.11	1790.0	1760.0	1790.0	1620.0	4980.0
3767	2003.03.10	1845.0	1835.0	1870.0	1760.0	30590.0
3768	2003.03.07	1890.0	1805.0	1990.0	1740.0	42240.0
3769	2003.03.06	1975.0	1930.0	2020.0	1930.0	30115.0
3770	2003.03.05	2060.0	2000.0	2060.0	1950.0	40550.0
3771	2003.03.04	2140.0	2080.0	2140.0	2065.0	39145.0
3772	2003.03.03	2140.0	2130.0	2150.0	2110.0	17855.0
3773	2003.02.28	2135.0	2130.0	2150.0	2115.0	26020.0
3774	2003.02.27	2150.0	2130.0	2150.0	2115.0	19200.0
3775	2003.02.26	2165.0	2165.0	2235.0	2150.0	31660.0
3776	2003.02.25	2265.0	2165.0	2265.0	2165.0	38780.0
3777	2003.02.24	2260.0	2290.0	2290.0	2240.0	80470.0
3778	2003.02.21	2215.0	2245.0	2300.0	2200.0	38650.0
3779	2003.02.20	2180.0	2230.0	2310.0	2180.0	70960.0
3780	2003.02.19	2260.0	2205.0	2300.0	2205.0	53750.0
3781	2003.02.18	2240.0	2225.0	2280.0	2180.0	41430.0
3782	2003.02.17	2205.0	2235.0	2280.0	2205.0	72130.0
3783	2003.02.14	2125.0	2155.0	2155.0	2110.0	27017.0
3784	2003.02.13	2175.0	2150.0	2200.0	2150.0	32279.0
3785	2003.02.12	2150.0	2175.0	2205.0	2120.0	61400.0
3786	2003.02.11	2320.0	2150.0	2330.0	2100.0	208740.0
3787	2003.02.10	2305.0	2295.0	2400.0	2295.0	43550.0
3788	2003.02.07	2380.0	2360.0	2420.0	2280.0	44170.0
3789	2003.02.06	2470.0	2380.0	2470.0	2330.0	78035.0
3790	2003.02.05	2530.0	2440.0	2595.0	2440.0	165465.0
3791	2003.02.04	2440.0	2525.0	2525.0	2430.0	71180.0
3792	2003.02.03	2400.0	2405.0	2475.0	2375.0	69610.0
3793	2003.01.30	2430.0	2405.0	2560.0	2405.0	27001.0
3794	2003.01.29	2630.0	2455.0	2715.0	2420.0	112850.0
3795	2003.01.28	2470.0	2650.0	2740.0	2470.0	126841.0
3796	2003.01.27	2290.0	2550.0	2585.0	2250.0	168167.0
3797	2003.01.24	2755.0	2420.0	2755.0	2420.0	191430.0
3798	2003.01.23	2870.0	2665.0	2940.0	2665.0	182088.0
3799	2003.01.22	2500.0	2850.0	2885.0	2485.0	475970.0
3800	2003.01.21	2470.0	2510.0	2770.0	2425.0	524610.0
3801	2003.01.20	2360.0	2410.0	2435.0	2360.0	61000.0
3802	2003.01.17	2400.0	2355.0	2400.0	2250.0	43340.0
3803	2003.01.16	2345.0	2340.0	2380.0	2325.0	26500.0
3804	2003.01.15	2410.0	2370.0	2460.0	2300.0	46090.0
3805	2003.01.14	2390.0	2385.0	2430.0	2330.0	55850.0
3806	2003.01.13	2260.0	2385.0	2430.0	2250.0	45420.0
3807	2003.01.10	2350.0	2300.0	2450.0	2150.0	96510.0
3808	2003.01.09	2405.0	2305.0	2430.0	2090.0	55970.0
3809	2003.01.08	2500.0	2440.0	2520.0	2430.0	77913.0
3810	2003.01.07	2530.0	2460.0	2705.0	2450.0	510790.0
3811	2003.01.06	2510.0	2480.0	2530.0	2420.0	56520.0
3812	2003.01.03	2500.0	2540.0	2575.0	2460.0	128530.0
3813	2003.01.02	2270.0	2445.0	2445.0	2240.0	81670.0
3814	2002.12.30	2170.0	2200.0	2200.0	2090.0	85570.0
3815	2002.12.27	2160.0	2245.0	2300.0	2160.0	87310.0
3816	2002.12.26	2345.0	2300.0	2400.0	2260.0	69347.0
3817	2002.12.24	2340.0	2380.0	2500.0	2340.0	106190.0
3818	2002.12.23	2670.0	2490.0	2725.0	2490.0	115670.0
3819	2002.12.20	2800.0	2670.0	2830.0	2670.0	82380.0
3820	2002.12.18	2760.0	2800.0	2860.0	2760.0	135450.0
3821	2002.12.17	2830.0	2810.0	2855.0	2800.0	89340.0
3822	2002.12.16	2850.0	2800.0	2930.0	2780.0	169710.0
3823	2002.12.13	3060.0	2930.0	3060.0	2880.0	186350.0
3824	2002.12.12	2965.0	3005.0	3010.0	2940.0	167264.0
3825	2002.12.11	3040.0	2970.0	3130.0	2950.0	151180.0
3826	2002.12.10	2940.0	3015.0	3020.0	2920.0	209750.0
3827	2002.12.09	3100.0	2995.0	3170.0	2980.0	226546.0
3828	2002.12.06	3180.0	3095.0	3235.0	3055.0	240420.0
3829	2002.12.05	3290.0	3160.0	3540.0	3120.0	921587.0
3830	2002.12.04	3120.0	3200.0	3200.0	2980.0	315524.0
3831	2002.12.03	2970.0	3080.0	3200.0	2930.0	925561.0
3832	2002.12.02	2870.0	2900.0	2935.0	2870.0	211072.0
3833	2002.11.29	2870.0	2845.0	2915.0	2820.0	190438.0
3834	2002.11.28	2930.0	2870.0	2970.0	2865.0	193590.0
3835	2002.11.27	2970.0	2905.0	3100.0	2815.0	642591.0
3836	2002.11.26	3040.0	2940.0	3300.0	2940.0	897670.0
3837	2002.11.25	3030.0	3000.0	3030.0	2870.0	426806.0
3838	2002.11.22	2770.0	3000.0	3130.0	2760.0	1070580.0
3839	2002.11.21	2810.0	2740.0	2835.0	2720.0	187920.0
3840	2002.11.20	2750.0	2790.0	2800.0	2660.0	247519.0
3841	2002.11.19	2750.0	2680.0	2800.0	2660.0	173600.0
3842	2002.11.18	2585.0	2740.0	2950.0	2585.0	480701.0
3843	2002.11.15	2575.0	2575.0	2670.0	2555.0	104881.0
3844	2002.11.14	2625.0	2555.0	2700.0	2550.0	80396.0
3845	2002.11.13	2700.0	2615.0	2770.0	2615.0	113760.0
3846	2002.11.12	2735.0	2720.0	2760.0	2680.0	106680.0
3847	2002.11.11	2800.0	2785.0	2880.0	2760.0	92110.0
3848	2002.11.08	2830.0	2780.0	2880.0	2760.0	107945.0
3849	2002.11.07	2855.0	2820.0	3005.0	2820.0	309825.0
3850	2002.11.06	2850.0	2845.0	2895.0	2820.0	164440.0
3851	2002.11.05	2950.0	2840.0	3040.0	2830.0	266185.0
3852	2002.11.04	2900.0	2930.0	2955.0	2895.0	161340.0
3853	2002.11.01	2920.0	2900.0	3005.0	2900.0	177580.0
3854	2002.10.31	3035.0	2950.0	3035.0	2870.0	214550.0
3855	2002.10.30	3125.0	2970.0	3180.0	2725.0	410666.0
3856	2002.10.29	3180.0	3100.0	3430.0	3100.0	1242900.0
3857	2002.10.28	3080.0	3140.0	3140.0	3060.0	339820.0
3858	2002.10.25	3170.0	3060.0	3270.0	3015.0	450546.0
3859	2002.10.24	3120.0	3190.0	3405.0	3110.0	1256290.0
3860	2002.10.23	3130.0	3060.0	3280.0	3035.0	466320.0
3861	2002.10.22	3040.0	3115.0	3150.0	2920.0	369190.0
3862	2002.10.21	3260.0	2980.0	3310.0	2960.0	480300.0
3863	2002.10.18	3400.0	3250.0	3580.0	3250.0	1227110.0
3864	2002.10.17	3290.0	3290.0	3595.0	3150.0	855170.0
3865	2002.10.16	3750.0	3300.0	3780.0	3220.0	1108624.0
3866	2002.10.15	3165.0	3565.0	3565.0	3070.0	1302556.0
3867	2002.10.14	2900.0	3100.0	3325.0	2900.0	1074604.0
3868	2002.10.11	3110.0	2900.0	3140.0	2805.0	601985.0
3869	2002.10.10	2790.0	3050.0	3130.0	2790.0	1235565.0
3870	2002.10.09	2700.0	2790.0	3040.0	2570.0	1297166.0
3871	2002.10.08	2530.0	2650.0	2715.0	2500.0	645470.0
3872	2002.10.07	2400.0	2600.0	2750.0	2400.0	535360.0
3873	2002.10.04	2400.0	2400.0	2400.0	2300.0	119030.0
3874	2002.10.02	2580.0	2420.0	2590.0	2400.0	218920.0
3875	2002.10.01	2220.0	2500.0	2500.0	2220.0	327370.0
3876	2002.09.30	2210.0	2270.0	2300.0	2115.0	163712.0
3877	2002.09.27	2430.0	2300.0	2460.0	2265.0	138340.0
3878	2002.09.26	2570.0	2400.0	2580.0	2345.0	180520.0
3879	2002.09.25	2600.0	2460.0	2680.0	2385.0	271040.0
3880	2002.09.24	2870.0	2565.0	2900.0	2565.0	218670.0
3881	2002.09.23	2930.0	2900.0	3095.0	2860.0	191363.0
3882	2002.09.19	3060.0	2970.0	3115.0	2960.0	144970.0
3883	2002.09.18	3200.0	3055.0	3200.0	3035.0	175170.0
3884	2002.09.17	3205.0	3215.0	3280.0	3170.0	289745.0
3885	2002.09.16	3240.0	3170.0	3310.0	3140.0	214275.0
3886	2002.09.13	3250.0	3185.0	3330.0	3175.0	298940.0
3887	2002.09.12	3220.0	3240.0	3440.0	3150.0	689050.0
3888	2002.09.11	3150.0	3220.0	3280.0	3140.0	321835.0
3889	2002.09.10	3100.0	3150.0	3310.0	3045.0	385610.0
3890	2002.09.09	3650.0	3085.0	3715.0	3085.0	452280.0
3891	2002.09.06	3785.0	3620.0	3940.0	3610.0	565425.0
3892	2002.09.05	3750.0	3865.0	3940.0	3670.0	774205.0
3893	2002.09.04	3720.0	3690.0	3810.0	3640.0	434360.0
3894	2002.09.03	3800.0	3890.0	4115.0	3800.0	1179925.0
3895	2002.09.02	3810.0	3750.0	3810.0	3610.0	372223.0
3896	2002.08.30	3755.0	3750.0	3955.0	3600.0	769805.0
3897	2002.08.29	3950.0	3800.0	4240.0	3800.0	836909.0
3898	2002.08.28	3875.0	3970.0	4330.0	3755.0	1669030.0
3899	2002.08.27	4170.0	3860.0	4190.0	3815.0	1263170.0
3900	2002.08.26	3900.0	4000.0	4030.0	3670.0	1582847.0
3901	2002.08.23	3425.0	3865.0	3865.0	3420.0	1328171.0
3902	2002.08.22	3450.0	3365.0	3480.0	3350.0	529963.0
3903	2002.08.21	3600.0	3380.0	3620.0	3340.0	967810.0
3904	2002.08.20	3175.0	3620.0	3620.0	3175.0	1974391.0
3905	2002.08.19	3200.0	3150.0	3240.0	3090.0	232265.0
3906	2002.08.16	3290.0	3150.0	3375.0	3120.0	328780.0
3907	2002.08.14	3400.0	3280.0	3470.0	3255.0	415670.0
3908	2002.08.13	3540.0	3435.0	3730.0	3375.0	1308865.0
3909	2002.08.12	3390.0	3480.0	3530.0	3280.0	646081.0
3910	2002.08.09	3630.0	3320.0	3670.0	3285.0	1223534.0
3911	2002.08.08	3065.0	3495.0	3495.0	3065.0	1425500.0
3912	2002.08.07	3125.0	3040.0	3225.0	3010.0	342502.0
3913	2002.08.06	3190.0	3050.0	3320.0	2940.0	522303.0
3914	2002.08.05	3710.0	3200.0	3730.0	3160.0	955144.0
3915	2002.08.02	3410.0	3680.0	4055.0	3410.0	2623920.0
3916	2002.08.01	3595.0	3530.0	3785.0	3350.0	1238820.0
3917	2002.07.31	4210.0	3530.0	4280.0	3530.0	754140.0
3918	2002.07.30	4015.0	4150.0	4350.0	4015.0	988693.0
3919	2002.07.29	4000.0	4100.0	4225.0	3820.0	995486.0
3920	2002.07.26	4170.0	3920.0	4400.0	3850.0	556140.0
3921	2002.07.25	4400.0	4145.0	4500.0	4000.0	483211.0
3922	2002.07.24	4620.0	4120.0	4810.0	4100.0	915600.0
3923	2002.07.23	4410.0	4620.0	5120.0	4410.0	2924870.0
3924	2002.07.22	4490.0	4460.0	4975.0	4210.0	957400.0
3925	2002.07.19	5350.0	4730.0	5480.0	4560.0	932011.0
3926	2002.07.18	5820.0	5350.0	6030.0	5150.0	2203611.0
3927	2002.07.16	4910.0	5720.0	5720.0	4910.0	3375459.0
3928	2002.07.15	5500.0	4980.0	5650.0	4980.0	784783.0
3929	2002.07.12	5780.0	5500.0	5990.0	5210.0	725330.0
3930	2002.07.11	6650.0	5700.0	7100.0	5700.0	2005575.0
3931	2002.07.10	7140.0	6700.0	7210.0	6580.0	1737570.0
3932	2002.07.09	6610.0	6840.0	7360.0	6510.0	3685394.0
3933	2002.07.08	6210.0	6400.0	7280.0	6160.0	3315104.0
3934	2002.07.05	6000.0	6340.0	6550.0	5660.0	2655112.0
3935	2002.07.04	6100.0	5850.0	6280.0	5290.0	3012095.0
3936	2002.07.03	7450.0	6080.0	7800.0	6080.0	2704754.0
3937	2002.07.02	5970.0	7150.0	7150.0	5830.0	3268094.0
3938	2002.06.28	6530.0	6220.0	7250.0	6220.0	3400300.0
3939	2002.06.27	8160.0	7310.0	8750.0	7310.0	1492793.0
3940	2002.06.26	9020.0	8600.0	9020.0	7100.0	3324856.0
3941	2002.06.25	7300.0	7850.0	7850.0	7210.0	1384408.0
3942	2002.06.24	7260.0	6830.0	7400.0	5810.0	2965419.0
3943	2002.06.21	6830.0	6830.0	6830.0	6420.0	1878554.0
3944	2002.06.20	5330.0	5940.0	5940.0	5330.0	1407443.0
3945	2002.06.19	4800.0	5170.0	5170.0	4410.0	3814528.0
3946	2002.06.18	4100.0	4500.0	4500.0	3920.0	1662998.0
3947	2002.06.17	3740.0	3915.0	3915.0	3450.0	1887941.0
3948	2002.06.14	3865.0	3405.0	3865.0	3130.0	2387553.0
3949	2002.06.12	3000.0	3365.0	3365.0	2805.0	749697.0
3950	2002.06.11	3590.0	2930.0	3615.0	2680.0	2382911.0
3951	2002.06.10	3145.0	3145.0	3145.0	3145.0	117084.0
3952	2002.06.07	2735.0	2735.0	2735.0	2510.0	164145.0
3953	2002.06.05	2310.0	2380.0	2520.0	2285.0	598894.0
3954	2002.06.04	2425.0	2350.0	2460.0	2200.0	735490.0
3955	2002.06.03	2910.0	2510.0	2950.0	2510.0	371785.0
3956	2002.05.31	3400.0	2950.0	3455.0	2555.0	1928097.0
3957	2002.05.30	3005.0	3005.0	3005.0	2830.0	319354.0
3958	2002.05.29	2210.0	2615.0	2615.0	2150.0	111098.0
3959	2002.05.28	2115.0	2275.0	2345.0	2085.0	32891.0
3960	2002.05.27	2115.0	2115.0	2150.0	2100.0	9140.0
3961	2002.05.24	2195.0	2115.0	2195.0	2100.0	15150.0
3962	2002.05.23	2200.0	2170.0	2200.0	2100.0	24040.0
3963	2002.05.22	2210.0	2165.0	2265.0	2165.0	17150.0
3964	2002.05.21	2290.0	2205.0	2290.0	2205.0	12910.0
3965	2002.05.20	2205.0	2250.0	2260.0	2175.0	28830.0
3966	2002.05.17	2180.0	2190.0	2210.0	2160.0	17980.0
3967	2002.05.16	2180.0	2180.0	2280.0	2135.0	19360.0
3968	2002.05.15	2200.0	2160.0	2215.0	2140.0	16480.0
3969	2002.05.14	2115.0	2160.0	2300.0	2115.0	51240.0
3970	2002.05.13	2075.0	2120.0	2190.0	2075.0	16410.0
3971	2002.05.10	2100.0	2100.0	2135.0	2070.0	15690.0
3972	2002.05.09	2170.0	2090.0	2170.0	2080.0	15660.0
3973	2002.05.08	2105.0	2140.0	2180.0	2105.0	9810.0
3974	2002.05.07	2085.0	2120.0	2120.0	2065.0	4870.0
3975	2002.05.06	2080.0	2120.0	2125.0	2080.0	8390.0
3976	2002.05.03	2085.0	2120.0	2180.0	2085.0	16970.0
3977	2002.05.02	2150.0	2075.0	2150.0	2065.0	18470.0
3978	2002.04.30	2070.0	2100.0	2115.0	2055.0	14577.0
3979	2002.04.29	2080.0	2050.0	2185.0	2050.0	25383.0
3980	2002.04.26	2070.0	2195.0	2320.0	2070.0	32250.0
3981	2002.04.25	2140.0	2100.0	2185.0	2055.0	12620.0
3982	2002.04.24	2170.0	2150.0	2230.0	2070.0	20730.0
3983	2002.04.23	2180.0	2190.0	2240.0	2180.0	16990.0
3984	2002.04.22	2225.0	2230.0	2270.0	2205.0	10870.0
3985	2002.04.19	2405.0	2225.0	2405.0	2225.0	24010.0
3986	2002.04.18	2335.0	2250.0	2335.0	2250.0	10080.0
3987	2002.04.17	2225.0	2290.0	2370.0	2225.0	37048.0
3988	2002.04.16	2335.0	2325.0	2390.0	2295.0	38740.0
3989	2002.04.15	2345.0	2330.0	2385.0	2325.0	11830.0
3990	2002.04.12	2140.0	2355.0	2435.0	2140.0	51730.0
3991	2002.04.11	2300.0	2230.0	2300.0	2200.0	22950.0
3992	2002.04.10	2360.0	2280.0	2385.0	2270.0	39760.0
3993	2002.04.09	2410.0	2315.0	2460.0	2315.0	32130.0
3994	2002.04.08	2400.0	2430.0	2485.0	2400.0	19620.0
3995	2002.04.04	2415.0	2435.0	2460.0	2410.0	13640.0
3996	2002.04.03	2500.0	2425.0	2500.0	2420.0	45210.0
3997	2002.04.02	2580.0	2455.0	2580.0	2450.0	72120.0
3998	2002.04.01	2645.0	2615.0	2645.0	2500.0	29800.0
3999	2002.03.29	2450.0	2685.0	2685.0	2410.0	39750.0
4000	2002.03.28	2480.0	2490.0	2500.0	2430.0	30340.0
4001	2002.03.27	2505.0	2480.0	2600.0	2460.0	52398.0
4002	2002.03.26	2415.0	2570.0	2580.0	2415.0	37632.0
4003	2002.03.25	2545.0	2475.0	2545.0	2450.0	32350.0
4004	2002.03.22	2560.0	2500.0	2630.0	2465.0	80689.0
4005	2002.03.21	2620.0	2550.0	2620.0	2550.0	32980.0
4006	2002.03.20	2650.0	2670.0	2710.0	2475.0	128950.0
4007	2002.03.19	2700.0	2660.0	2700.0	2600.0	65450.0
4008	2002.03.18	2530.0	2695.0	2730.0	2530.0	80770.0
4009	2002.03.15	2460.0	2580.0	2580.0	2450.0	46441.0
4010	2002.03.14	2550.0	2460.0	2570.0	2450.0	52440.0
4011	2002.03.13	2675.0	2545.0	2700.0	2525.0	56279.0
4012	2002.03.12	2675.0	2645.0	2790.0	2585.0	73489.0
4013	2002.03.11	2560.0	2670.0	2790.0	2550.0	149500.0
4014	2002.03.08	2535.0	2520.0	2590.0	2450.0	85060.0
4015	2002.03.07	2595.0	2535.0	2650.0	2535.0	96320.0
4016	2002.03.06	2690.0	2670.0	2690.0	2600.0	115220.0
4017	2002.03.05	2685.0	2660.0	2745.0	2550.0	152490.0
4018	2002.03.04	2850.0	2600.0	2950.0	2600.0	265240.0
4019	2002.02.28	3260.0	2910.0	3260.0	2910.0	170270.0
4020	2002.02.27	3260.0	3210.0	3370.0	2850.0	316280.0
4021	2002.02.26	3420.0	3070.0	3420.0	2670.0	968510.0
4022	2002.02.25	2795.0	2975.0	2975.0	2750.0	95040.0
4023	2002.02.22	2255.0	2590.0	2590.0	2210.0	218920.0
4024	2002.02.21	2230.0	2255.0	2270.0	2170.0	37620.0
4025	2002.02.20	2200.0	2300.0	2300.0	2135.0	48890.0
4026	2002.02.19	2100.0	2200.0	2220.0	2080.0	56120.0
4027	2002.02.18	2050.0	2065.0	2115.0	2030.0	35180.0
4028	2002.02.15	2025.0	2045.0	2085.0	2025.0	22700.0
4029	2002.02.14	2015.0	2020.0	2095.0	2000.0	79590.0
4030	2002.02.08	2050.0	2005.0	2140.0	2005.0	17440.0
4031	2002.02.07	2030.0	2100.0	2170.0	2030.0	13500.0
4032	2002.02.06	2085.0	2090.0	2115.0	2030.0	12710.0
4033	2002.02.05	2060.0	2080.0	2140.0	2025.0	10370.0
4034	2002.02.04	2180.0	2090.0	2180.0	2090.0	10920.0
4035	2002.02.01	2150.0	2130.0	2180.0	2105.0	11570.0
4036	2002.01.31	2120.0	2150.0	2170.0	2100.0	13430.0
4037	2002.01.30	2115.0	2095.0	2140.0	2060.0	18080.0
4038	2002.01.29	2180.0	2135.0	2180.0	2080.0	13260.0
4039	2002.01.28	2180.0	2130.0	2180.0	2100.0	10477.0
4040	2002.01.25	2050.0	2110.0	2200.0	2000.0	42506.0
4041	2002.01.24	2000.0	2040.0	2050.0	1960.0	30022.0
4042	2002.01.23	2015.0	2025.0	2040.0	2000.0	17850.0
4043	2002.01.22	2015.0	2030.0	2090.0	2000.0	17400.0
4044	2002.01.21	2095.0	2030.0	2095.0	2005.0	10720.0
4045	2002.01.18	2090.0	2065.0	2115.0	2010.0	12461.0
4046	2002.01.17	2135.0	2120.0	2190.0	2020.0	15920.0
4047	2002.01.16	2200.0	2170.0	2210.0	2150.0	16700.0
4048	2002.01.15	2150.0	2100.0	2210.0	2100.0	11610.0
4049	2002.01.14	2230.0	2200.0	2240.0	2110.0	2900.0
4050	2002.01.11	2150.0	2210.0	2235.0	2110.0	20740.0
4051	2002.01.10	2170.0	2150.0	2205.0	2100.0	21430.0
4052	2002.01.09	2120.0	2170.0	2260.0	2120.0	1980.0
4053	2002.01.08	2200.0	2155.0	2200.0	2150.0	4170.0
4054	2002.01.07	2230.0	2200.0	2230.0	2170.0	770.0
4055	2002.01.04	2200.0	2175.0	2295.0	2175.0	20910.0
4056	2002.01.03	2250.0	2200.0	2295.0	2150.0	17624.0
4057	2002.01.02	2205.0	2245.0	2265.0	2200.0	4540.0
4058	2001.12.28	2190.0	2265.0	2290.0	2165.0	8120.0
4059	2001.12.27	2170.0	2290.0	2295.0	2165.0	2620.0
4060	2001.12.26	2155.0	2295.0	2335.0	2155.0	8180.0
4061	2001.12.24	2210.0	2250.0	2250.0	2200.0	5270.0
4062	2001.12.21	2230.0	2250.0	2330.0	2230.0	21550.0
4063	2001.12.20	2195.0	2230.0	2300.0	2105.0	11280.0
4064	2001.12.19	2270.0	2100.0	2295.0	2100.0	9350.0
4065	2001.12.18	2300.0	2270.0	2420.0	2260.0	37370.0
4066	2001.12.17	2410.0	2385.0	2450.0	2280.0	23280.0
4067	2001.12.14	2310.0	2370.0	2445.0	2310.0	8770.0
4068	2001.12.13	2280.0	2395.0	2395.0	2260.0	5990.0
4069	2001.12.12	2450.0	2355.0	2450.0	2300.0	3050.0
4070	2001.12.11	2290.0	2375.0	2380.0	2280.0	1330.0
4071	2001.12.10	2345.0	2370.0	2460.0	2280.0	14160.0
4072	2001.12.07	2300.0	2310.0	2325.0	2250.0	6630.0
4073	2001.12.06	2270.0	2250.0	2300.0	2250.0	19750.0
4074	2001.12.05	2210.0	2270.0	2280.0	2210.0	6880.0
4075	2001.12.04	2270.0	2250.0	2300.0	2200.0	10690.0
4076	2001.12.03	2350.0	2340.0	2380.0	2320.0	4680.0
4077	2001.11.30	2460.0	2385.0	2460.0	2250.0	2340.0
4078	2001.11.29	2375.0	2460.0	2460.0	2150.0	5380.0
4079	2001.11.28	2435.0	2300.0	2490.0	2300.0	8770.0
4080	2001.11.27	2600.0	2470.0	2600.0	2460.0	9290.0
4081	2001.11.26	2700.0	2600.0	2700.0	2420.0	22230.0
4082	2001.11.23	2700.0	2600.0	2700.0	2530.0	3020.0
4083	2001.11.22	2500.0	2590.0	2590.0	2500.0	4380.0
4084	2001.11.21	2600.0	2510.0	2600.0	2500.0	8850.0
4085	2001.11.20	2565.0	2600.0	2650.0	2510.0	70420.0
4086	2001.11.19	2665.0	2560.0	2700.0	2535.0	11940.0
4087	2001.11.16	2600.0	2720.0	2720.0	2600.0	960.0
4088	2001.11.15	2750.0	2560.0	2820.0	2510.0	9050.0
4089	2001.11.14	2580.0	2710.0	2830.0	2550.0	35190.0
4090	2001.11.13	2610.0	2570.0	2700.0	2570.0	16570.0
4091	2001.11.12	2810.0	2650.0	2810.0	2600.0	15530.0
4092	2001.11.09	2640.0	2600.0	2880.0	2520.0	32660.0
4093	2001.11.08	2490.0	2760.0	2760.0	2400.0	60270.0
4094	2001.11.07	2375.0	2400.0	2455.0	2375.0	26680.0
4095	2001.11.06	2350.0	2410.0	2450.0	2350.0	19510.0
4096	2001.11.05	2500.0	2335.0	2500.0	2300.0	10110.0
4097	2001.11.02	2380.0	2310.0	2430.0	2280.0	9990.0
4098	2001.11.01	2230.0	2295.0	2450.0	2200.0	17130.0
4099	2001.10.31	2180.0	2230.0	2280.0	2170.0	8060.0
4100	2001.10.30	2165.0	2210.0	2210.0	2110.0	11130.0
4101	2001.10.29	2040.0	2200.0	2220.0	2040.0	36990.0
4102	2001.10.26	2100.0	2100.0	2170.0	2060.0	7160.0
4103	2001.10.25	2130.0	2100.0	2150.0	2070.0	5550.0
4104	2001.10.24	2150.0	2110.0	2195.0	2100.0	13520.0
4105	2001.10.23	2050.0	2150.0	2240.0	2045.0	41660.0
4106	2001.10.22	2020.0	2010.0	2050.0	1980.0	13310.0
4107	2001.10.19	1960.0	2020.0	2030.0	1960.0	5850.0
4108	2001.10.18	2050.0	2000.0	2050.0	1990.0	36750.0
4109	2001.10.17	2090.0	2055.0	2090.0	2020.0	15780.0
4110	2001.10.16	2020.0	2070.0	2100.0	2000.0	16390.0
4111	2001.10.15	1970.0	2020.0	2150.0	1970.0	23310.0
4112	2001.10.12	2050.0	2000.0	2075.0	1925.0	40380.0
4113	2001.10.11	1940.0	2010.0	2010.0	1900.0	40460.0
4114	2001.10.10	1900.0	1850.0	1900.0	1845.0	33620.0
4115	2001.10.09	1795.0	1900.0	1910.0	1795.0	32420.0
4116	2001.10.08	1800.0	1750.0	1800.0	1700.0	38020.0
4117	2001.10.05	1860.0	1850.0	1885.0	1850.0	13070.0
4118	2001.10.04	1850.0	1900.0	1950.0	1840.0	25510.0
4119	2001.09.28	1700.0	1770.0	1770.0	1690.0	37150.0
4120	2001.09.27	1620.0	1670.0	1720.0	1620.0	33380.0
4121	2001.09.26	1740.0	1665.0	1740.0	1630.0	20100.0
4122	2001.09.25	1740.0	1610.0	1760.0	1610.0	38940.0
4123	2001.09.24	1650.0	1690.0	1730.0	1650.0	57120.0
4124	2001.09.21	1740.0	1650.0	1750.0	1585.0	81090.0
4125	2001.09.20	2100.0	1850.0	2150.0	1830.0	112520.0
4126	2001.09.19	1980.0	2100.0	2100.0	1960.0	157650.0
4127	2001.09.18	2000.0	2070.0	2180.0	1875.0	88440.0
4128	2001.09.17	2265.0	2050.0	2410.0	2050.0	22170.0
4129	2001.09.14	2600.0	2410.0	2750.0	2410.0	85640.0
4130	2001.09.13	2600.0	2830.0	2830.0	2350.0	26180.0
4131	2001.09.12	2230.0	2600.0	2750.0	2230.0	68760.0
4132	2001.09.11	2600.0	2620.0	2650.0	2600.0	6210.0
4133	2001.09.10	2650.0	2600.0	2650.0	2580.0	13300.0
4134	2001.09.07	2620.0	2650.0	2740.0	2560.0	2330.0
4135	2001.09.06	2680.0	2640.0	2680.0	2630.0	8540.0
4136	2001.09.05	2560.0	2630.0	2680.0	2560.0	5930.0
4137	2001.09.04	2650.0	2640.0	2650.0	2545.0	32920.0
4138	2001.09.03	2610.0	2600.0	2685.0	2590.0	15930.0
4139	2001.08.31	2520.0	2610.0	2670.0	2520.0	45910.0
4140	2001.08.30	2750.0	2625.0	2750.0	2600.0	49350.0
4141	2001.08.29	2970.0	2780.0	2970.0	2710.0	48330.0
4142	2001.08.28	2800.0	2905.0	3100.0	2750.0	140800.0
4143	2001.08.27	2740.0	2800.0	2840.0	2690.0	33310.0
4144	2001.08.24	2740.0	2730.0	2740.0	2660.0	18550.0
4145	2001.08.23	2750.0	2700.0	2760.0	2700.0	13040.0
4146	2001.08.22	2700.0	2730.0	2770.0	2650.0	32820.0
4147	2001.08.21	2740.0	2700.0	2790.0	2690.0	11360.0
4148	2001.08.20	2745.0	2700.0	2790.0	2670.0	19050.0
4149	2001.08.17	2735.0	2745.0	2815.0	2735.0	23590.0
4150	2001.08.16	2755.0	2720.0	2860.0	2705.0	19240.0
4151	2001.08.14	2850.0	2820.0	2895.0	2770.0	27210.0
4152	2001.08.13	2770.0	2810.0	2845.0	2745.0	7990.0
4153	2001.08.10	2860.0	2760.0	2860.0	2730.0	18280.0
4154	2001.08.09	2820.0	2730.0	2825.0	2710.0	23420.0
4155	2001.08.08	2700.0	2825.0	2900.0	2700.0	65180.0
4156	2001.08.07	2685.0	2695.0	2730.0	2680.0	9220.0
4157	2001.08.06	2710.0	2735.0	2740.0	2700.0	13750.0
4158	2001.08.03	2700.0	2690.0	2720.0	2670.0	16660.0
4159	2001.08.02	2780.0	2700.0	2780.0	2675.0	25760.0
4160	2001.08.01	2730.0	2745.0	2765.0	2680.0	24810.0
4161	2001.07.31	2650.0	2650.0	2665.0	2580.0	36180.0
4162	2001.07.30	2770.0	2650.0	2770.0	2635.0	16360.0
4163	2001.07.27	2645.0	2680.0	2770.0	2630.0	49670.0
4164	2001.07.26	2620.0	2630.0	2750.0	2550.0	38810.0
4165	2001.07.25	2600.0	2600.0	2800.0	2500.0	28840.0
4166	2001.07.24	2500.0	2600.0	2615.0	2420.0	27540.0
4167	2001.07.23	2520.0	2500.0	2645.0	2400.0	63400.0
4168	2001.07.20	2860.0	2685.0	2860.0	2650.0	80610.0
4169	2001.07.19	2900.0	2800.0	2990.0	2780.0	59350.0
4170	2001.07.18	3135.0	2990.0	3220.0	2800.0	59510.0
4171	2001.07.16	3200.0	3130.0	3240.0	3050.0	83710.0
4172	2001.07.13	3260.0	3090.0	3260.0	3085.0	72990.0
4173	2001.07.12	3100.0	3200.0	3265.0	3100.0	66160.0
4174	2001.07.11	3070.0	3100.0	3240.0	3030.0	74890.0
4175	2001.07.10	3085.0	3145.0	3340.0	3065.0	148500.0
4176	2001.07.09	3290.0	3065.0	3290.0	3055.0	145780.0
4177	2001.07.06	3800.0	3400.0	3925.0	3400.0	266000.0
4178	2001.07.05	3570.0	4000.0	4045.0	3470.0	682250.0
4179	2001.07.04	3360.0	3520.0	3550.0	3270.0	208630.0
4180	2001.07.03	3510.0	3360.0	3510.0	3305.0	63690.0
4181	2001.07.02	3210.0	3410.0	3470.0	3160.0	76200.0
4182	2001.06.29	3215.0	3200.0	3250.0	3150.0	23740.0
4183	2001.06.28	3135.0	3215.0	3245.0	3120.0	38530.0
4184	2001.06.27	3050.0	3120.0	3170.0	3050.0	37790.0
4185	2001.06.26	3165.0	3110.0	3235.0	3090.0	49280.0
4186	2001.06.25	3220.0	3190.0	3260.0	3185.0	55810.0
4187	2001.06.22	3425.0	3260.0	3600.0	3200.0	185320.0
4188	2001.06.21	3580.0	3360.0	3630.0	3330.0	113060.0
4189	2001.06.20	4130.0	3580.0	4150.0	3365.0	527470.0
4190	2001.06.19	3250.0	3690.0	3690.0	3245.0	193430.0
4191	2001.06.18	3200.0	3210.0	3210.0	3100.0	71260.0
4192	2001.06.15	3235.0	3215.0	3245.0	3140.0	44800.0
4193	2001.06.14	3165.0	3235.0	3275.0	3100.0	57600.0
4194	2001.06.13	3100.0	3155.0	3200.0	3100.0	35410.0
4195	2001.06.12	3180.0	3130.0	3185.0	3055.0	31330.0
4196	2001.06.11	3120.0	3150.0	3290.0	3120.0	52830.0
4197	2001.06.08	3100.0	3080.0	3165.0	3055.0	47630.0
4198	2001.06.07	3290.0	3100.0	3290.0	3060.0	56450.0
4199	2001.06.05	3400.0	3230.0	3460.0	3225.0	99550.0
4201	2001.06.04	3300.0	3380.0	3630.0	3300.0	152900.0
4202	2001.06.01	3270.0	3380.0	3600.0	3250.0	164570.0
4203	2001.05.31	3440.0	3240.0	3440.0	3150.0	131030.0
4204	2001.05.30	3510.0	3440.0	3695.0	3440.0	145130.0
4205	2001.05.29	3700.0	3600.0	3920.0	3380.0	234970.0
4209	2001.05.28	4290.0	3750.0	4350.0	3735.0	554420.0
4210	2001.05.25	3895.0	4265.0	4265.0	3420.0	629020.0
4211	2001.05.24	3260.0	3710.0	3710.0	3210.0	806980.0
4212	2001.05.23	2905.0	3230.0	3230.0	2840.0	278500.0
4213	2001.05.22	2900.0	2810.0	2900.0	2800.0	21150.0
4216	2001.05.21	2860.0	2870.0	2910.0	2840.0	36540.0
4217	2001.05.18	2840.0	2830.0	2860.0	2775.0	22680.0
4218	2001.05.17	2850.0	2840.0	2875.0	2790.0	28890.0
4219	2001.05.16	2855.0	2810.0	2855.0	2810.0	20610.0
4220	2001.05.15	2900.0	2855.0	2900.0	2770.0	27430.0
4224	2001.05.14	2820.0	2840.0	2900.0	2800.0	24370.0
4225	2001.05.11	2800.0	2800.0	2850.0	2780.0	31620.0
4226	2001.05.10	2720.0	2820.0	2850.0	2720.0	25930.0
4227	2001.05.09	2960.0	2800.0	2970.0	2800.0	38500.0
4228	2001.05.08	2900.0	2940.0	3010.0	2900.0	38900.0
4231	2001.05.07	2915.0	2980.0	3050.0	2915.0	34980.0
4232	2001.05.04	3100.0	3045.0	3130.0	3000.0	63850.0
4233	2001.05.03	3090.0	3040.0	3090.0	2915.0	57450.0
4234	2001.05.02	2885.0	3050.0	3100.0	2880.0	109160.0
4235	2001.04.30	3040.0	2900.0	3040.0	2870.0	55360.0
4239	2001.04.27	2810.0	2940.0	2970.0	2810.0	76180.0
4240	2001.04.26	2925.0	2850.0	2940.0	2765.0	46710.0
4241	2001.04.25	2800.0	2840.0	2980.0	2800.0	54610.0
4242	2001.04.24	3070.0	3000.0	3070.0	2850.0	52540.0
4243	2001.04.23	3050.0	3070.0	3200.0	2980.0	107960.0
4246	2001.04.20	3100.0	3000.0	3190.0	2850.0	103040.0
4247	2001.04.19	3250.0	3070.0	3260.0	3040.0	99380.0
4248	2001.04.18	3150.0	3190.0	3250.0	3015.0	134630.0
4249	2001.04.17	3200.0	3080.0	3200.0	3000.0	141490.0
4250	2001.04.16	3100.0	3150.0	3290.0	3020.0	294370.0
4254	2001.04.13	2550.0	2905.0	2905.0	2500.0	200680.0
4255	2001.04.12	2520.0	2530.0	2640.0	2470.0	30480.0
4256	2001.04.11	2450.0	2520.0	2600.0	2405.0	43480.0
4257	2001.04.10	2430.0	2400.0	2500.0	2380.0	30990.0
4258	2001.04.09	2610.0	2460.0	2610.0	2420.0	34520.0
4261	2001.04.06	2500.0	2550.0	2700.0	2500.0	40150.0
4262	2001.04.04	2820.0	2630.0	2820.0	2615.0	36370.0
4263	2001.04.03	2550.0	2710.0	2750.0	2550.0	43950.0
4264	2001.04.02	2580.0	2630.0	2800.0	2540.0	56150.0
4265	2001.03.30	2675.0	2615.0	2690.0	2500.0	41390.0
4269	2001.03.29	2820.0	2665.0	2850.0	2630.0	82230.0
4270	2001.03.28	3030.0	2900.0	3110.0	2850.0	32620.0
4271	2001.03.27	3100.0	3060.0	3150.0	3060.0	30060.0
4272	2001.03.26	3110.0	3130.0	3340.0	3090.0	80180.0
4273	2001.03.23	3055.0	3100.0	3140.0	3055.0	31210.0
4276	2001.03.22	3140.0	3100.0	3230.0	3100.0	77100.0
4277	2001.03.21	3050.0	3140.0	3140.0	3030.0	74350.0
4278	2001.03.20	3210.0	3140.0	3270.0	3100.0	58310.0
4279	2001.03.19	3260.0	3190.0	3320.0	3160.0	72440.0
4280	2001.03.16	3370.0	3305.0	3520.0	3305.0	120560.0
4284	2001.03.15	3100.0	3320.0	3420.0	3100.0	104050.0
4285	2001.03.14	3405.0	3370.0	3590.0	3370.0	86410.0
4286	2001.03.13	3250.0	3420.0	3420.0	3150.0	107030.0
4287	2001.03.12	3490.0	3385.0	3570.0	3375.0	57440.0
4288	2001.03.09	3480.0	3615.0	3790.0	3370.0	189640.0
4291	2001.03.08	3330.0	3450.0	3485.0	3330.0	77740.0
4292	2001.03.07	3370.0	3330.0	3510.0	3305.0	67790.0
4293	2001.03.06	3400.0	3400.0	3550.0	3200.0	81430.0
4294	2001.03.05	3410.0	3440.0	3610.0	3115.0	98230.0
4295	2001.03.02	3830.0	3660.0	4020.0	3500.0	119020.0
4299	2001.02.28	3845.0	3810.0	4100.0	3730.0	107160.0
4300	2001.02.27	3750.0	4000.0	4150.0	3750.0	206390.0
4301	2001.02.26	3700.0	3700.0	3860.0	3650.0	126490.0
4302	2001.02.23	4050.0	3770.0	4050.0	3750.0	94620.0
4303	2001.02.22	4220.0	4010.0	4280.0	3900.0	211680.0
4306	2001.02.21	3900.0	4160.0	4500.0	3900.0	545610.0
4307	2001.02.20	3730.0	3930.0	4100.0	3620.0	219970.0
4308	2001.02.19	3505.0	3700.0	3750.0	3500.0	135920.0
4309	2001.02.16	3660.0	3560.0	3660.0	3520.0	101820.0
4310	2001.02.15	3830.0	3700.0	3890.0	3600.0	148640.0
4314	2001.02.14	4000.0	3835.0	4040.0	3800.0	163810.0
4315	2001.02.13	3650.0	3920.0	4200.0	3630.0	415740.0
4316	2001.02.12	3610.0	3710.0	3930.0	3600.0	181000.0
4317	2001.02.09	3910.0	3800.0	4260.0	3700.0	265470.0
4318	2001.02.08	4040.0	3900.0	4200.0	3820.0	222230.0
4321	2001.02.07	4400.0	4390.0	4800.0	4100.0	209400.0
4322	2001.02.06	4510.0	4300.0	5000.0	4300.0	288350.0
4323	2001.02.05	5710.0	5050.0	5710.0	4540.0	917290.0
4324	2001.02.02	4970.0	4970.0	4970.0	4970.0	24770.0
4325	2001.02.01	4325.0	4325.0	4325.0	4325.0	65180.0
4329	2001.01.31	3765.0	3765.0	3765.0	3750.0	230930.0
4330	2001.01.30	3275.0	3275.0	3275.0	3275.0	11030.0
4331	2001.01.29	2480.0	2850.0	2850.0	2360.0	118780.0
